321.995046 
322.053309 
322.053309 
322.053327 
322.053340 
322.053349 
322.053358 
322.053367 
322.053378 
322.053394 
322.053416 
322.053446 
322.053487 
322.053539 
322.053605 
322.053688 
322.053788 
322.053910 
322.054062 
322.054251 
322.054485 
322.054772 
322.055123 
322.055551 
322.056077 
322.056715 
322.057486 
322.058410 
322.059515 
322.060826 
322.062371 
322.064169 
322.066237 
322.068591 
322.071224 
322.074099 
322.077175 
322.080357 
322.083513 
322.086491 
322.089099 
322.091179 
322.092636 
322.093547 
322.094187 
322.095019 
322.096364 
322.097708 
322.096739 
322.088140 
322.100234 
322.104740 
322.104740 
322.104758 
322.104771 
322.104781 
322.104789 
322.104798 
322.104809 
322.104825 
322.104847 
322.104878 
322.104918 
322.104971 
322.105039 
322.105122 
322.105223 
322.105347 
322.105501 
322.105694 
322.105934 
322.106228 
322.106587 
322.107029 
322.107572 
322.108235 
322.109038 
322.110007 
322.111172 
322.112565 
322.114218 
322.116161 
322.118422 
322.121029 
322.123990 
322.127289 
322.130903 
322.134751 
322.138715 
322.142633 
322.146281 
322.149427 
322.151844 
322.153434 
322.154312 
322.154943 
322.156089 
322.158348 
322.161099 
322.161742 
322.220892 
322.156171 
322.156171 
322.156190 
322.156203 
322.156213 
322.156221 
322.156229 
322.156241 
322.156256 
322.156279 
322.156309 
322.156351 
322.156405 
322.156473 
322.156558 
322.156662 
322.156789 
322.156948 
322.157148 
322.157397 
322.157703 
322.158080 
322.158545 
322.159122 
322.159831 
322.160696 
322.161747 
322.163027 
322.164577 
322.166437 
322.168658 
322.171292 
322.174391 
322.177995 
322.182130 
322.186814 
322.192004 
322.197617 
322.203498 
322.209381 
322.214916 
322.219643 
322.223105 
322.225000 
322.225532 
322.225880 
322.228409 
322.235793 
322.249390 
322.330649 
322.207602 
322.207602 
322.207621 
322.207635 
322.207645 
322.207653 
322.207661 
322.207672 
322.207688 
322.207710 
322.207741 
322.207783 
322.207838 
322.207909 
322.207996 
322.208103 
322.208234 
322.208400 
322.208608 
322.208870 
322.209194 
322.209594 
322.210092 
322.210715 
322.211488 
322.212438 
322.213606 
322.215047 
322.216816 
322.218970 
322.221586 
322.224753 
322.228561 
322.233099 
322.238461 
322.244736 
322.251956 
322.260118 
322.269121 
322.278700 
322.288412 
322.297535 
322.305103 
322.310051 
322.311672 
322.310668 
322.310623 
322.318587 
322.341505 
322.429550 
322.259032 
322.259032 
322.259053 
322.259067 
322.259077 
322.259085 
322.259093 
322.259104 
322.259119 
322.259141 
322.259173 
322.259216 
322.259272 
322.259344 
322.259435 
322.259545 
322.259681 
322.259854 
322.260073 
322.260350 
322.260694 
322.261121 
322.261658 
322.262336 
322.263186 
322.264238 
322.265546 
322.267182 
322.269219 
322.271731 
322.274835 
322.278665 
322.283360 
322.289081 
322.296019 
322.304366 
322.314286 
322.325926 
322.339325 
322.354341 
322.370558 
322.387108 
322.402518 
322.414696 
322.421160 
322.420294 
322.414206 
322.413026 
322.433719 
322.524311 
322.310463 
322.310463 
322.310484 
322.310499 
322.310509 
322.310516 
322.310524 
322.310535 
322.310550 
322.310572 
322.310604 
322.310648 
322.310705 
322.310779 
322.310872 
322.310986 
322.311128 
322.311307 
322.311538 
322.311830 
322.312195 
322.312651 
322.313229 
322.313966 
322.314897 
322.316060 
322.317521 
322.319371 
322.321702 
322.324612 
322.328260 
322.332839 
322.338545 
322.345631 
322.354418 
322.365233 
322.378443 
322.394434 
322.413514 
322.435859 
322.461330 
322.489236 
322.517910 
322.544374 
322.563874 
322.570359 
322.559440 
322.537113 
322.532174 
322.618141 
322.361893 
322.361893 
322.361915 
322.361930 
322.361940 
322.361948 
322.361956 
322.361966 
322.361980 
322.362003 
322.362035 
322.362079 
322.362137 
322.362213 
322.362308 
322.362425 
322.362570 
322.362757 
322.362997 
322.363304 
322.363689 
322.364172 
322.364790 
322.365584 
322.366595 
322.367866 
322.369478 
322.371541 
322.374169 
322.377483 
322.381691 
322.387048 
322.393815 
322.402354 
322.413143 
322.426678 
322.443595 
322.464618 
322.490480 
322.521924 
322.559451 
322.603098 
322.651755 
322.702449 
322.748857 
322.779805 
322.779279 
322.734455 
322.667384 
322.713086 
322.413324 
322.413324 
322.413346 
322.413361 
322.413371 
322.413379 
322.413386 
322.413396 
322.413410 
322.413432 
322.413464 
322.413508 
322.413567 
322.413644 
322.413740 
322.413859 
322.414008 
322.414199 
322.414447 
322.414765 
322.415166 
322.415672 
322.416323 
322.417166 
322.418247 
322.419614 
322.421360 
322.423617 
322.426517 
322.430205 
322.434937 
322.441034 
322.448824 
322.458784 
322.471567 
322.487859 
322.508624 
322.535003 
322.568303 
322.610089 
322.661925 
322.725271 
322.800734 
322.887116 
322.979090 
323.063215 
323.111924 
323.079429 
322.928758 
322.825659 
322.464754 
322.464754 
322.464777 
322.464792 
322.464802 
322.464809 
322.464816 
322.464825 
322.464839 
322.464860 
322.464891 
322.464935 
322.464994 
322.465071 
322.465167 
322.465287 
322.465436 
322.465630 
322.465882 
322.466207 
322.466619 
322.467139 
322.467814 
322.468692 
322.469824 
322.471263 
322.473114 
322.475524 
322.478643 
322.482636 
322.487805 
322.494531 
322.503203 
322.514413 
322.528988 
322.547806 
322.572185 
322.603725 
322.644402 
322.696797 
322.763895 
322.849253 
322.956488 
323.088498 
323.245206 
323.418268 
323.579422 
323.656050 
323.500825 
323.075054 
322.516184 
322.516184 
322.516207 
322.516222 
322.516231 
322.516238 
322.516244 
322.516253 
322.516266 
322.516287 
322.516317 
322.516360 
322.516418 
322.516493 
322.516589 
322.516707 
322.516855 
322.517048 
322.517300 
322.517625 
322.518039 
322.518564 
322.519248 
322.520142 
322.521300 
322.522779 
322.524689 
322.527192 
322.530452 
322.534646 
322.540113 
322.547283 
322.556595 
322.568740 
322.584695 
322.605509 
322.632833 
322.668702 
322.715770 
322.777678 
322.859001 
322.965777 
323.105595 
323.287492 
323.521158 
323.813260 
324.156209 
324.492985 
324.610603 
323.949267 
322.567614 
322.567614 
322.567636 
322.567651 
322.567660 
322.567666 
322.567672 
322.567680 
322.567692 
322.567712 
322.567741 
322.567782 
322.567838 
322.567911 
322.568003 
322.568118 
322.568262 
322.568450 
322.568696 
322.569015 
322.569422 
322.569939 
322.570614 
322.571502 
322.572655 
322.574132 
322.576047 
322.578568 
322.581865 
322.586125 
322.591708 
322.599074 
322.608692 
322.621321 
322.638046 
322.660037 
322.689198 
322.727909 
322.779381 
322.848163 
322.940273 
323.064109 
323.231331 
323.457826 
323.765502 
324.183417 
324.746086 
325.476107 
326.284996 
326.407939 
322.619043 
322.619043 
322.619065 
322.619078 
322.619087 
322.619093 
322.619098 
322.619105 
322.619117 
322.619135 
322.619163 
322.619201 
322.619254 
322.619323 
322.619410 
322.619519 
322.619656 
322.619834 
322.620069 
322.620374 
322.620763 
322.621259 
322.621907 
322.622762 
322.623876 
322.625304 
322.627161 
322.629614 
322.632832 
322.637001 
322.642485 
322.649749 
322.659271 
322.671832 
322.688559 
322.710672 
322.740201 
322.779701 
322.832701 
322.904299 
323.001448 
323.134168 
323.317139 
323.571693 
323.930319 
324.443668 
325.193463 
326.317019 
328.043377 
330.597465 
322.670473 
322.670473 
322.670492 
322.670505 
322.670513 
322.670518 
322.670523 
322.670530 
322.670540 
322.670557 
322.670582 
322.670618 
322.670666 
322.670730 
322.670810 
322.670910 
322.671037 
322.671202 
322.671419 
322.671701 
322.672062 
322.672522 
322.673124 
322.673920 
322.674957 
322.676288 
322.678022 
322.680317 
322.683331 
322.687242 
322.692397 
322.699240 
322.708228 
322.720113 
322.735986 
322.757030 
322.785236 
322.823118 
322.874190 
322.943577 
323.038375 
323.168968 
323.350947 
323.607630 
323.976009 
324.517302 
325.339731 
326.656252 
328.960697 
333.868247 
353.150000 
