322.440767 
322.450858 
322.463672 
322.479936 
322.500624 
322.526755 
322.559688 
322.600993 
322.652345 
322.715564 
322.792108 
322.882673 
322.985692 
323.095592 
323.198822 
323.268216 
323.256770 
323.101276 
322.780468 
322.498929 
322.455236 
322.455236 
322.455277 
322.455304 
322.455321 
322.455332 
322.455343 
322.455358 
322.455381 
322.455418 
322.455472 
322.455550 
322.455655 
322.455792 
322.455965 
322.456181 
322.456451 
322.456803 
322.457260 
322.457850 
322.458599 
322.459545 
322.460769 
322.462359 
322.464403 
322.466996 
322.470313 
322.474606 
322.480130 
322.487160 
322.492363 
322.502348 
322.515040 
322.531176 
322.551752 
322.577814 
322.610805 
322.652429 
322.704609 
322.769625 
322.849738 
322.947044 
323.062482 
323.194642 
323.336895 
323.472408 
323.565231 
323.544336 
323.285614 
322.732830 
322.507381 
322.507381 
322.507422 
322.507448 
322.507465 
322.507476 
322.507487 
322.507501 
322.507524 
322.507560 
322.507614 
322.507690 
322.507793 
322.507927 
322.508098 
322.508310 
322.508576 
322.508920 
322.509370 
322.509950 
322.510686 
322.511615 
322.512817 
322.514379 
322.516388 
322.518935 
322.522194 
322.526412 
322.531840 
322.538747 
322.543428 
322.553175 
322.565586 
322.581411 
322.601674 
322.627462 
322.660359 
322.702271 
322.755540 
322.823208 
322.908878 
323.017006 
323.152794 
323.322012 
323.530293 
323.780539 
324.064323 
324.330750 
324.378757 
323.607392 
322.559526 
322.559526 
322.559565 
322.559591 
322.559607 
322.559617 
322.559628 
322.559641 
322.559663 
322.559698 
322.559750 
322.559823 
322.559922 
322.560052 
322.560216 
322.560420 
322.560676 
322.561008 
322.561441 
322.561999 
322.562707 
322.563602 
322.564760 
322.566264 
322.568198 
322.570650 
322.573788 
322.577850 
322.583076 
322.589728 
322.593955 
322.603318 
322.615264 
322.630548 
322.650216 
322.675381 
322.707765 
322.749476 
322.803290 
322.873051 
322.963807 
323.082580 
323.239270 
323.447724 
323.727898 
324.107873 
324.623397 
325.300764 
326.053521 
326.070811 
322.611670 
322.611670 
322.611707 
322.611731 
322.611746 
322.611757 
322.611766 
322.611779 
322.611800 
322.611833 
322.611881 
322.611950 
322.612044 
322.612166 
322.612321 
322.612513 
322.612754 
322.613066 
322.613474 
322.614000 
322.614667 
322.615510 
322.616601 
322.618017 
322.619839 
322.622149 
322.625105 
322.628932 
322.633856 
322.640124 
322.643943 
322.652762 
322.664036 
322.678504 
322.697200 
322.721239 
322.752407 
322.792925 
322.845853 
322.915594 
323.008249 
323.132760 
323.302647 
323.538160 
323.871119 
324.352289 
325.064271 
326.144777 
327.820228 
330.269208 
322.663814 
322.663814 
322.663848 
322.663870 
322.663884 
322.663893 
322.663902 
322.663914 
322.663933 
322.663963 
322.664008 
322.664071 
322.664157 
322.664269 
322.664412 
322.664588 
322.664810 
322.665097 
322.665472 
322.665955 
322.666569 
322.667343 
322.668345 
322.669647 
322.671322 
322.673445 
322.676162 
322.679680 
322.684206 
322.689967 
322.693403 
322.701514 
322.711893 
322.725236 
322.742525 
322.764817 
322.793850 
322.831800 
322.881727 
322.948123 
323.037353 
323.158954 
323.327734 
323.566438 
323.911940 
324.425797 
325.216425 
326.495438 
328.752733 
333.558706 
353.150000 
