322.388554 
322.408392 
322.431906 
322.459204 
322.489989 
322.523296 
322.557018 
322.587287 
322.608072 
322.610788 
322.585791 
322.527776 
322.448077 
322.384828 
322.360570 
322.353711 
322.353711 
322.353747 
322.353770 
322.353785 
322.353796 
322.353807 
322.353822 
322.353844 
322.353878 
322.353927 
322.353996 
322.354088 
322.354207 
322.354358 
322.354544 
322.354777 
322.355075 
322.355462 
322.355956 
322.356580 
322.357364 
322.358368 
322.359660 
322.361308 
322.363383 
322.366013 
322.369377 
322.373655 
322.379043 
322.385860 
322.394502 
322.405366 
322.418983 
322.436034 
322.441959 
322.462808 
322.487908 
322.517662 
322.552231 
322.591277 
322.633579 
322.676369 
322.714707 
322.740357 
322.741177 
322.702327 
322.614352 
322.500318 
322.445685 
322.405676 
322.405676 
322.405711 
322.405734 
322.405749 
322.405760 
322.405771 
322.405786 
322.405807 
322.405841 
322.405890 
322.405958 
322.406049 
322.406167 
322.406316 
322.406500 
322.406730 
322.407025 
322.407408 
322.407897 
322.408514 
322.409290 
322.410284 
322.411564 
322.413197 
322.415254 
322.417862 
322.421202 
322.425455 
322.430815 
322.437611 
322.446245 
322.457126 
322.470813 
322.488036 
322.496317 
322.518935 
322.546837 
322.580971 
322.622347 
322.671811 
322.729864 
322.796016 
322.867968 
322.939615 
322.997514 
323.015034 
322.947251 
322.755871 
322.562874 
322.457641 
322.457641 
322.457675 
322.457698 
322.457712 
322.457723 
322.457733 
322.457748 
322.457769 
322.457801 
322.457849 
322.457915 
322.458004 
322.458120 
322.458265 
322.458445 
322.458669 
322.458958 
322.459331 
322.459809 
322.460413 
322.461170 
322.462143 
322.463395 
322.464995 
322.467010 
322.469570 
322.472853 
322.477041 
322.482331 
322.489058 
322.497642 
322.508507 
322.522258 
322.539710 
322.550855 
322.575596 
322.606913 
322.646453 
322.696329 
322.758976 
322.837279 
322.934180 
323.051983 
323.190284 
323.340758 
323.475256 
323.520658 
323.328385 
322.817399 
322.509605 
322.509605 
322.509638 
322.509660 
322.509674 
322.509684 
322.509694 
322.509708 
322.509728 
322.509760 
322.509805 
322.509869 
322.509955 
322.510066 
322.510206 
322.510379 
322.510595 
322.510873 
322.511233 
322.511693 
322.512275 
322.513005 
322.513944 
322.515154 
322.516700 
322.518650 
322.521130 
322.524319 
322.528397 
322.533559 
322.540152 
322.548607 
322.559365 
322.573085 
322.590674 
322.604584 
322.631291 
322.665856 
322.710657 
322.768971 
322.844972 
322.944244 
323.073943 
323.242729 
323.460011 
323.732178 
324.051104 
324.358726 
324.440839 
323.694585 
322.561569 
322.561569 
322.561600 
322.561621 
322.561634 
322.561644 
322.561654 
322.561666 
322.561686 
322.561716 
322.561759 
322.561819 
322.561901 
322.562006 
322.562139 
322.562303 
322.562507 
322.562771 
322.563112 
322.563550 
322.564102 
322.564796 
322.565688 
322.566839 
322.568311 
322.570170 
322.572538 
322.575590 
322.579502 
322.584466 
322.590831 
322.599038 
322.609534 
322.623019 
322.640474 
322.656490 
322.684464 
322.721293 
322.769966 
322.834762 
322.921403 
323.037970 
323.195802 
323.410454 
323.703456 
324.103304 
324.643610 
325.345656 
326.119336 
326.156213 
322.613533 
322.613533 
322.613562 
322.613581 
322.613593 
322.613603 
322.613611 
322.613623 
322.613641 
322.613669 
322.613710 
322.613766 
322.613842 
322.613940 
322.614063 
322.614216 
322.614407 
322.614653 
322.614972 
322.615380 
322.615895 
322.616543 
322.617376 
322.618452 
322.619830 
322.621570 
322.623791 
322.626658 
322.630340 
322.635022 
322.641047 
322.648846 
322.658864 
322.671809 
322.688695 
322.705715 
322.733797 
322.771197 
322.821266 
322.888896 
322.980816 
323.106802 
323.281255 
323.525166 
323.870547 
324.367331 
325.096175 
326.192890 
327.884399 
330.351981 
322.665496 
322.665496 
322.665523 
322.665540 
322.665552 
322.665560 
322.665568 
322.665579 
322.665595 
322.665621 
322.665658 
322.665709 
322.665778 
322.665868 
322.665981 
322.666121 
322.666295 
322.666520 
322.666811 
322.667184 
322.667656 
322.668248 
322.669011 
322.669996 
322.671259 
322.672854 
322.674890 
322.677522 
322.680908 
322.685217 
322.690773 
322.697983 
322.707266 
322.719303 
322.735070 
322.751722 
322.778456 
322.814272 
322.862538 
322.928211 
323.018205 
323.142699 
323.317027 
323.564165 
323.920602 
324.446807 
325.249921 
326.541350 
328.812594 
333.636684 
353.150000 
