322.719303 
322.781214 
322.860991 
322.963876 
323.096233 
323.266147 
323.483108 
323.757205 
324.096211 
324.496596 
324.920063 
325.232568 
325.066059 
323.725430 
322.557461 
322.557461 
322.557506 
322.557534 
322.557549 
322.557558 
322.557565 
322.557575 
322.557594 
322.557626 
322.557678 
322.557753 
322.557858 
322.557997 
322.558175 
322.558399 
322.558683 
322.559060 
322.559559 
322.560214 
322.561056 
322.562133 
322.563551 
322.565426 
322.567876 
322.571024 
322.575115 
322.580504 
322.587549 
322.596640 
322.608507 
322.624069 
322.644267 
322.670551 
322.704951 
322.749636 
322.766616 
322.827119 
322.905120 
323.005798 
323.135549 
323.302669 
323.517524 
323.792628 
324.142269 
324.579914 
325.110490 
325.707822 
326.239943 
326.013270 
322.609789 
322.609789 
322.609832 
322.609859 
322.609874 
322.609882 
322.609889 
322.609899 
322.609917 
322.609948 
322.609998 
322.610071 
322.610172 
322.610307 
322.610479 
322.610695 
322.610971 
322.611335 
322.611818 
322.612451 
322.613265 
322.614307 
322.615679 
322.617494 
322.619864 
322.622908 
322.626866 
322.632079 
322.638894 
322.647689 
322.659168 
322.674223 
322.693762 
322.719188 
322.752466 
322.795692 
322.808738 
322.866332 
322.940633 
323.036657 
323.160731 
323.321301 
323.529757 
323.801690 
324.160004 
324.641028 
325.308480 
326.286494 
327.824032 
330.188599 
322.662115 
322.662115 
322.662155 
322.662180 
322.662194 
322.662202 
322.662208 
322.662217 
322.662234 
322.662264 
322.662310 
322.662378 
322.662472 
322.662598 
322.662759 
322.662960 
322.663216 
322.663556 
322.664006 
322.664596 
322.665355 
322.666326 
322.667604 
322.669295 
322.671503 
322.674341 
322.678029 
322.682887 
322.689237 
322.697432 
322.708129 
322.722158 
322.740366 
322.764059 
322.795069 
322.835350 
322.845903 
322.899136 
322.967845 
323.056726 
323.171791 
323.321227 
323.516609 
323.774890 
324.123661 
324.612737 
325.341895 
326.531133 
328.709523 
333.480513 
353.150000 
