322.455343 
322.455358 
322.455381 
322.455418 
322.455472 
322.455550 
322.455655 
322.455792 
322.455965 
322.456181 
322.456451 
322.456803 
322.457260 
322.457850 
322.458599 
322.459545 
322.460769 
322.462359 
322.464403 
322.466996 
322.470313 
322.474606 
322.480130 
322.487160 
322.496185 
322.507823 
322.522698 
322.541739 
322.566221 
322.597489 
322.637499 
322.688597 
322.753582 
322.835976 
322.939589 
323.068517 
323.225837 
323.411785 
323.619000 
323.823020 
323.964397 
323.919917 
323.498660 
322.731461 
322.506261 
322.506261 
322.506305 
322.506334 
322.506350 
322.506361 
322.507487 
322.507501 
322.507524 
322.507560 
322.507614 
322.507690 
322.507793 
322.507927 
322.508098 
322.508310 
322.508576 
322.508920 
322.509370 
322.509950 
322.510686 
322.511615 
322.512817 
322.514379 
322.516388 
322.518935 
322.522194 
322.526412 
322.531840 
322.538747 
322.547617 
322.559055 
322.573679 
322.592405 
322.616497 
322.647291 
322.686754 
322.737258 
322.801704 
322.883844 
322.988004 
323.119324 
323.283142 
323.484112 
323.723763 
323.995086 
324.270971 
324.476778 
324.415538 
323.571089 
322.558497 
322.558497 
322.558541 
322.558568 
322.558584 
322.558595 
322.559628 
322.559641 
322.559663 
322.559698 
322.559750 
322.559823 
322.559922 
322.560052 
322.560216 
322.560420 
322.560676 
322.561008 
322.561441 
322.561999 
322.562707 
322.563602 
322.564760 
322.566264 
322.568198 
322.570650 
322.573788 
322.577850 
322.583076 
322.589728 
322.598272 
322.609293 
322.623387 
322.641448 
322.664708 
322.694475 
322.732718 
322.781826 
322.844836 
322.925822 
323.029883 
323.163749 
323.336256 
323.558956 
323.847380 
324.222439 
324.711236 
325.337841 
326.036838 
326.028622 
322.610733 
322.610733 
322.610774 
322.610800 
322.610816 
322.610826 
322.611766 
322.611779 
322.611800 
322.611833 
322.611881 
322.611950 
322.612044 
322.612166 
322.612321 
322.612513 
322.612754 
322.613066 
322.613474 
322.614000 
322.614667 
322.615510 
322.616601 
322.618017 
322.619839 
322.622149 
322.625105 
322.628932 
322.633856 
322.640124 
322.648176 
322.658566 
322.671858 
322.688902 
322.710876 
322.739035 
322.775304 
322.822039 
322.882339 
322.960501 
323.062240 
323.195654 
323.372700 
323.611229 
323.939789 
324.405874 
325.091283 
326.139842 
327.791352 
330.227568 
322.662967 
322.662967 
322.663006 
322.663030 
322.663044 
322.663053 
322.663902 
322.663914 
322.663933 
322.663963 
322.664008 
322.664071 
322.664157 
322.664269 
322.664412 
322.664588 
322.664810 
322.665097 
322.665472 
322.665955 
322.666569 
322.667343 
322.668345 
322.669647 
322.671322 
322.673445 
322.676162 
322.679680 
322.684206 
322.689967 
322.697370 
322.706924 
322.719149 
322.734832 
322.755066 
322.781018 
322.814499 
322.857740 
322.913732 
322.986700 
323.082453 
323.209492 
323.381007 
323.617627 
323.954049 
324.451022 
325.219691 
326.478715 
328.723316 
333.519569 
353.150000 
