322.202791 
322.202801 
322.202811 
322.202824 
322.202843 
322.202872 
322.202912 
322.202966 
322.203039 
322.203132 
322.203248 
322.203391 
322.203568 
322.203792 
322.204078 
322.204438 
322.204888 
322.205445 
322.206146 
322.207028 
322.208131 
322.209494 
322.211180 
322.213271 
322.215851 
322.219004 
322.222842 
322.227491 
322.233075 
322.239704 
322.247471 
322.256455 
322.266594 
322.277736 
322.289520 
322.301259 
322.311946 
322.320098 
322.323905 
322.321520 
322.311836 
322.295901 
322.278241 
322.265567 
322.258569 
322.241556 
322.252886 
322.252886 
322.252916 
322.252935 
322.254488 
322.254497 
322.254507 
322.254520 
322.254539 
322.254567 
322.254607 
322.254662 
322.254734 
322.254827 
322.254943 
322.255086 
322.255263 
322.255487 
322.255773 
322.256135 
322.256586 
322.257147 
322.257852 
322.258743 
322.259858 
322.261240 
322.262953 
322.265087 
322.267730 
322.270975 
322.274948 
322.279796 
322.285665 
322.292703 
322.301062 
322.310882 
322.322204 
322.334999 
322.349060 
322.363883 
322.378627 
322.391913 
322.401782 
322.405763 
322.401247 
322.386683 
322.363897 
322.341060 
322.330319 
322.331091 
322.304672 
322.304672 
322.304701 
322.304721 
322.306184 
322.306193 
322.306203 
322.306216 
322.306235 
322.306262 
322.306302 
322.306356 
322.306428 
322.306520 
322.306636 
322.306778 
322.306954 
322.307178 
322.307465 
322.307827 
322.308281 
322.308845 
322.309558 
322.310462 
322.311598 
322.313010 
322.314772 
322.316981 
322.319737 
322.323146 
322.327362 
322.332572 
322.338963 
322.346756 
322.356212 
322.367592 
322.381133 
322.397058 
322.415464 
322.436246 
322.458962 
322.482589 
322.505166 
322.523487 
322.532631 
322.526270 
322.499230 
322.455863 
322.423318 
322.435288 
322.356457 
322.356457 
322.356486 
322.356506 
322.357879 
322.357889 
322.357898 
322.357911 
322.357929 
322.357956 
322.357995 
322.358048 
322.358119 
322.358210 
322.358325 
322.358466 
322.358641 
322.358864 
322.359150 
322.359513 
322.359968 
322.360535 
322.361256 
322.362175 
322.363336 
322.364786 
322.366606 
322.368909 
322.371810 
322.375428 
322.379959 
322.385643 
322.392720 
322.401512 
322.412432 
322.425905 
322.442452 
322.462655 
322.487077 
322.516250 
322.550458 
322.589507 
322.632071 
322.674964 
322.711598 
322.730357 
322.714480 
322.650288 
322.559908 
322.538133 
322.408243 
322.408243 
322.408271 
322.408290 
322.409575 
322.409584 
322.409593 
322.409604 
322.409622 
322.409648 
322.409686 
322.409739 
322.409808 
322.409898 
322.410010 
322.410149 
322.410322 
322.410542 
322.410826 
322.411188 
322.411643 
322.412211 
322.412937 
322.413868 
322.415051 
322.416536 
322.418415 
322.420814 
322.423864 
322.427703 
322.432572 
322.438768 
322.446596 
322.456492 
322.469046 
322.484876 
322.504849 
322.529988 
322.561464 
322.600683 
322.649038 
322.707805 
322.777392 
322.856362 
322.939062 
323.011586 
323.045804 
322.995519 
322.823904 
322.653972 
322.460028 
322.460028 
322.460055 
322.460074 
322.461269 
322.461278 
322.461286 
322.461297 
322.461314 
322.461340 
322.461376 
322.461427 
322.461495 
322.461582 
322.461692 
322.461827 
322.461996 
322.462212 
322.462492 
322.462849 
322.463300 
322.463865 
322.464590 
322.465526 
322.466722 
322.468230 
322.470152 
322.472628 
322.475804 
322.479835 
322.485006 
322.491672 
322.500199 
322.511139 
322.525263 
322.543388 
322.566751 
322.596854 
322.635564 
322.685331 
322.748994 
322.829940 
322.931582 
323.056554 
323.204431 
323.366428 
323.513809 
323.573563 
323.397982 
322.904773 
322.511812 
322.511812 
322.511839 
322.511857 
322.512963 
322.512971 
322.512979 
322.512990 
322.513005 
322.513030 
322.513065 
322.513113 
322.513178 
322.513262 
322.513368 
322.513499 
322.513662 
322.513872 
322.514144 
322.514493 
322.514934 
322.515489 
322.516205 
322.517133 
322.518325 
322.519835 
322.521771 
322.524286 
322.527536 
322.531689 
322.537067 
322.544076 
322.553130 
322.564883 
322.580267 
322.600277 
322.626493 
322.660871 
322.705970 
322.765317 
322.843352 
322.945947 
323.080475 
323.255701 
323.480956 
323.762471 
324.092156 
324.412409 
324.509421 
323.780138 
322.563597 
322.563597 
322.563622 
322.563639 
322.564656 
322.564663 
322.564671 
322.564681 
322.564695 
322.564718 
322.564751 
322.564797 
322.564859 
322.564939 
322.565039 
322.565164 
322.565319 
322.565520 
322.565781 
322.566117 
322.566541 
322.567077 
322.567771 
322.568675 
322.569841 
322.571323 
322.573233 
322.575730 
322.578974 
322.583145 
322.588585 
322.595731 
322.605031 
322.617213 
322.633318 
322.654473 
322.682521 
322.719773 
322.769354 
322.835711 
322.924731 
323.044648 
323.206906 
323.427112 
323.726815 
324.134616 
324.684446 
325.398119 
326.186052 
326.240618 
322.615381 
322.615381 
322.615405 
322.615421 
322.616348 
322.616355 
322.616362 
322.616371 
322.616384 
322.616405 
322.616436 
322.616479 
322.616536 
322.616611 
322.616705 
322.616822 
322.616967 
322.617156 
322.617401 
322.617717 
322.618118 
322.618625 
322.619283 
322.620144 
322.621256 
322.622675 
322.624509 
322.626917 
322.630060 
322.634115 
322.639430 
322.646452 
322.655637 
322.667739 
322.683848 
322.705146 
322.733610 
322.771733 
322.822967 
322.892314 
322.986603 
323.115696 
323.294059 
323.542754 
323.893910 
324.397703 
325.135208 
326.242827 
327.948310 
330.434282 
322.667165 
322.667165 
322.667187 
322.667202 
322.668039 
322.668045 
322.668051 
322.668060 
322.668072 
322.668091 
322.668119 
322.668158 
322.668211 
322.668279 
322.668366 
322.668472 
322.668606 
322.668779 
322.669004 
322.669295 
322.669664 
322.670131 
322.670739 
322.671534 
322.672565 
322.673880 
322.675584 
322.677827 
322.680761 
322.684554 
322.689539 
322.696143 
322.704805 
322.716253 
322.731545 
322.751830 
322.779052 
322.815670 
322.865130 
322.932467 
323.024661 
323.151948 
323.329722 
323.581043 
323.942562 
324.475032 
325.286021 
326.587552 
328.872098 
333.714322 
353.150000 
