322.054251 
322.054485 
322.054772 
322.055123 
322.055551 
322.056077 
322.056715 
322.057486 
322.058410 
322.059515 
322.060826 
322.062371 
322.064169 
322.066237 
322.068591 
322.071224 
322.074099 
322.077175 
322.080357 
322.083513 
322.086491 
322.089099 
322.091179 
322.092636 
322.093547 
322.094187 
322.095019 
322.096364 
322.097708 
322.096739 
322.088140 
322.057743 
322.102946 
322.102946 
322.102967 
322.102982 
322.102992 
322.103001 
322.103010 
322.103022 
322.103039 
322.103064 
322.103097 
322.103142 
322.103201 
322.103276 
322.103370 
322.103484 
322.103623 
322.103798 
322.105694 
322.105934 
322.106228 
322.106587 
322.107029 
322.107572 
322.108235 
322.109038 
322.110007 
322.111172 
322.112565 
322.114218 
322.116161 
322.118422 
322.121029 
322.123990 
322.127289 
322.130903 
322.134751 
322.138715 
322.142633 
322.146281 
322.149427 
322.151844 
322.153434 
322.154312 
322.154943 
322.156089 
322.158348 
322.161099 
322.161742 
322.158539 
322.154466 
322.154466 
322.154486 
322.154501 
322.154512 
322.154520 
322.154530 
322.154542 
322.154559 
322.154583 
322.154616 
322.154662 
322.154721 
322.154797 
322.154891 
322.155006 
322.155147 
322.155323 
322.157148 
322.157397 
322.157703 
322.158080 
322.158545 
322.159122 
322.159831 
322.160696 
322.161747 
322.163027 
322.164577 
322.166437 
322.168658 
322.171292 
322.174391 
322.177995 
322.182130 
322.186814 
322.192004 
322.197617 
322.203498 
322.209381 
322.214916 
322.219643 
322.223105 
322.225000 
322.225532 
322.225880 
322.228409 
322.235793 
322.249390 
322.274562 
322.205985 
322.205985 
322.206006 
322.206021 
322.206031 
322.206040 
322.206049 
322.206061 
322.206078 
322.206102 
322.206136 
322.206181 
322.206241 
322.206317 
322.206413 
322.206529 
322.206672 
322.206853 
322.208608 
322.208870 
322.209194 
322.209594 
322.210092 
322.210715 
322.211488 
322.212438 
322.213606 
322.215047 
322.216816 
322.218970 
322.221586 
322.224753 
322.228561 
322.233099 
322.238461 
322.244736 
322.251956 
322.260118 
322.269121 
322.278700 
322.288412 
322.297535 
322.305103 
322.310051 
322.311672 
322.310668 
322.310623 
322.318587 
322.341505 
322.381965 
322.257503 
322.257503 
322.257525 
322.257540 
322.257551 
322.257559 
322.257568 
322.257580 
322.257596 
322.257620 
322.257654 
322.257700 
322.257761 
322.257838 
322.257935 
322.258053 
322.258199 
322.258384 
322.260073 
322.260350 
322.260694 
322.261121 
322.261658 
322.262336 
322.263186 
322.264238 
322.265546 
322.267182 
322.269219 
322.271731 
322.274835 
322.278665 
322.283360 
322.289081 
322.296019 
322.304366 
322.314286 
322.325926 
322.339325 
322.354341 
322.370558 
322.387108 
322.402518 
322.414696 
322.421160 
322.420294 
322.414206 
322.413026 
322.433719 
322.480201 
322.309022 
322.309022 
322.309045 
322.309060 
322.309071 
322.309079 
322.309087 
322.309099 
322.309115 
322.309139 
322.309172 
322.309219 
322.309280 
322.309358 
322.309456 
322.309576 
322.309725 
322.309914 
322.311538 
322.311830 
322.312195 
322.312651 
322.313229 
322.313966 
322.314897 
322.316060 
322.317521 
322.319371 
322.321702 
322.324612 
322.328260 
322.332839 
322.338545 
322.345631 
322.354418 
322.365233 
322.378443 
322.394434 
322.413514 
322.435859 
322.461330 
322.489236 
322.517910 
322.544374 
322.563874 
322.570359 
322.559440 
322.537113 
322.532174 
322.574951 
322.360541 
322.360541 
322.360564 
322.360579 
322.360590 
322.360598 
322.360606 
322.360617 
322.360633 
322.360656 
322.360690 
322.360736 
322.360797 
322.360876 
322.360975 
322.361097 
322.361248 
322.361442 
322.362997 
322.363304 
322.363689 
322.364172 
322.364790 
322.365584 
322.366595 
322.367866 
322.369478 
322.371541 
322.374169 
322.377483 
322.381691 
322.387048 
322.393815 
322.402354 
322.413143 
322.426678 
322.443595 
322.464618 
322.490480 
322.521924 
322.559451 
322.603098 
322.651755 
322.702449 
322.748857 
322.779805 
322.779279 
322.734455 
322.667384 
322.670232 
322.412060 
322.412060 
322.412083 
322.412098 
322.412109 
322.412117 
322.412124 
322.412134 
322.412150 
322.412173 
322.412206 
322.412252 
322.412313 
322.412392 
322.412491 
322.412614 
322.412767 
322.412963 
322.414447 
322.414765 
322.415166 
322.415672 
322.416323 
322.417166 
322.418247 
322.419614 
322.421360 
322.423617 
322.426517 
322.430205 
322.434937 
322.441034 
322.448824 
322.458784 
322.471567 
322.487859 
322.508624 
322.535003 
322.568303 
322.610089 
322.661925 
322.725271 
322.800734 
322.887116 
322.979090 
323.063215 
323.111924 
323.079429 
322.928758 
322.783061 
322.463578 
322.463578 
322.463601 
322.463617 
322.463627 
322.463634 
322.463642 
322.463651 
322.463666 
322.463688 
322.463720 
322.463766 
322.463826 
322.463904 
322.464003 
322.464125 
322.464278 
322.464474 
322.465882 
322.466207 
322.466619 
322.467139 
322.467814 
322.468692 
322.469824 
322.471263 
322.473114 
322.475524 
322.478643 
322.482636 
322.487805 
322.494531 
322.503203 
322.514413 
322.528988 
322.547806 
322.572185 
322.603725 
322.644402 
322.696797 
322.763895 
322.849253 
322.956488 
323.088498 
323.245206 
323.418268 
323.579422 
323.656050 
323.500825 
323.032701 
322.515096 
322.515096 
322.515119 
322.515134 
322.515144 
322.515151 
322.515158 
322.515167 
322.515181 
322.515202 
322.515233 
322.515277 
322.515336 
322.515413 
322.515510 
322.515629 
322.515779 
322.515974 
322.517300 
322.517625 
322.518039 
322.518564 
322.519248 
322.520142 
322.521300 
322.522779 
322.524689 
322.527192 
322.530452 
322.534646 
322.540113 
322.547283 
322.556595 
322.568740 
322.584695 
322.605509 
322.632833 
322.668702 
322.715770 
322.777678 
322.859001 
322.965777 
323.105595 
323.287492 
323.521158 
323.813260 
324.156209 
324.492985 
324.610603 
323.907190 
322.566614 
322.566614 
322.566637 
322.566651 
322.566661 
322.566667 
322.566673 
322.566682 
322.566695 
322.566715 
322.566745 
322.566787 
322.566843 
322.566917 
322.567010 
322.567125 
322.567271 
322.567459 
322.568696 
322.569015 
322.569422 
322.569939 
322.570614 
322.571502 
322.572655 
322.574132 
322.576047 
322.578568 
322.581865 
322.586125 
322.591708 
322.599074 
322.608692 
322.621321 
322.638046 
322.660037 
322.689198 
322.727909 
322.779381 
322.848163 
322.940273 
323.064109 
323.231331 
323.457826 
323.765502 
324.183417 
324.746086 
325.476107 
326.284996 
326.366312 
322.618132 
322.618132 
322.618153 
322.618167 
322.618176 
322.618182 
322.618188 
322.618195 
322.618207 
322.618226 
322.618254 
322.618293 
322.618346 
322.618416 
322.618504 
322.618613 
322.618750 
322.618929 
322.620069 
322.620374 
322.620763 
322.621259 
322.621907 
322.622762 
322.623876 
322.625304 
322.627161 
322.629614 
322.632832 
322.637001 
322.642485 
322.649749 
322.659271 
322.671832 
322.688559 
322.710672 
322.740201 
322.779701 
322.832701 
322.904299 
323.001448 
323.134168 
323.317139 
323.571693 
323.930319 
324.443668 
325.193463 
326.317019 
328.043377 
330.556869 
322.669650 
322.669650 
322.669669 
322.669682 
322.669690 
322.669696 
322.669701 
322.669708 
322.669719 
322.669736 
322.669761 
322.669797 
322.669846 
322.669910 
322.669991 
322.670091 
322.670218 
322.670383 
322.671419 
322.671701 
322.672062 
322.672522 
322.673124 
322.673920 
322.674957 
322.676288 
322.678022 
322.680317 
322.683331 
322.687242 
322.692397 
322.699240 
322.708228 
322.720113 
322.735986 
322.757030 
322.785236 
322.823118 
322.874190 
322.943577 
323.038375 
323.168968 
323.350947 
323.607630 
323.976009 
324.517302 
325.339731 
326.656252 
328.960697 
333.829954 
353.150000 
