322.004370 
322.004501 
322.004662 
322.004861 
322.005104 
322.005397 
322.005754 
322.006187 
322.006708 
322.007332 
322.008074 
322.008950 
322.009979 
322.011177 
322.012554 
322.014118 
322.015874 
322.017812 
322.019904 
322.022117 
322.024394 
322.026662 
322.028850 
322.030894 
322.032768 
322.034515 
322.036270 
322.038224 
322.040501 
322.042846 
322.044170 
322.041931 
322.030731 
321.995046 
322.053309 
322.053309 
322.053327 
322.053340 
322.053349 
322.053358 
322.053367 
322.053378 
322.053394 
322.053416 
322.053446 
322.053487 
322.053539 
322.053605 
322.053688 
322.053788 
322.055721 
322.055855 
322.056021 
322.056225 
322.056475 
322.056778 
322.057148 
322.057599 
322.058145 
322.058802 
322.059586 
322.060519 
322.061623 
322.062920 
322.064425 
322.066155 
322.068123 
322.070329 
322.072753 
322.075373 
322.078133 
322.080958 
322.083759 
322.086434 
322.088902 
322.091133 
322.093205 
322.095323 
322.097809 
322.100904 
322.104338 
322.106782 
322.105764 
322.100234 
322.104740 
322.104740 
322.104758 
322.104771 
322.104781 
322.104789 
322.104798 
322.104809 
322.104825 
322.104847 
322.104878 
322.104918 
322.104971 
322.105039 
322.105122 
322.105223 
322.107079 
322.107218 
322.107391 
322.107606 
322.107870 
322.108192 
322.108587 
322.109073 
322.109666 
322.110384 
322.111249 
322.112293 
322.113543 
322.115030 
322.116785 
322.118840 
322.121227 
322.123965 
322.127057 
322.130503 
322.134257 
322.138248 
322.142365 
322.146443 
322.150299 
322.153745 
322.156700 
322.159290 
322.162040 
322.165960 
322.172293 
322.181862 
322.195473 
322.220892 
322.156171 
322.156171 
322.156190 
322.156203 
322.156213 
322.156221 
322.156229 
322.156241 
322.156256 
322.156279 
322.156309 
322.156351 
322.156405 
322.156473 
322.156558 
322.156662 
322.158442 
322.158588 
322.158772 
322.159002 
322.159285 
322.159633 
322.160064 
322.160598 
322.161257 
322.162062 
322.163044 
322.164245 
322.165705 
322.167467 
322.169584 
322.172115 
322.175119 
322.178649 
322.182750 
322.187462 
322.192773 
322.198637 
322.204940 
322.211457 
322.217883 
322.223798 
322.228798 
322.232666 
322.235791 
322.239718 
322.247488 
322.262928 
322.289138 
322.330649 
322.207602 
322.207602 
322.207621 
322.207635 
322.207645 
322.207653 
322.207661 
322.207672 
322.207688 
322.207710 
322.207741 
322.207783 
322.207838 
322.207909 
322.207996 
322.208103 
322.209808 
322.209963 
322.210160 
322.210408 
322.210715 
322.211093 
322.211567 
322.212162 
322.212902 
322.213814 
322.214940 
322.216336 
322.218059 
322.220167 
322.222744 
322.225886 
322.229689 
322.234257 
322.239702 
322.246132 
322.253607 
322.262154 
322.271706 
322.282036 
322.292746 
322.303166 
322.312414 
322.319550 
322.324085 
322.327059 
322.332545 
322.348144 
322.380812 
322.429550 
322.259032 
322.259032 
322.259053 
322.259067 
322.259077 
322.259085 
322.259093 
322.259104 
322.259119 
322.259141 
322.259173 
322.259216 
322.259272 
322.259344 
322.259435 
322.259545 
322.261175 
322.261341 
322.261551 
322.261818 
322.262151 
322.262564 
322.263085 
322.263746 
322.264577 
322.265609 
322.266898 
322.268516 
322.270539 
322.273046 
322.276157 
322.280016 
322.284769 
322.290590 
322.297687 
322.306268 
322.316522 
322.328623 
322.342642 
322.358474 
322.375753 
322.393675 
322.410860 
322.425350 
322.434858 
322.438017 
322.437201 
322.442654 
322.470812 
322.524311 
322.310463 
322.310463 
322.310484 
322.310499 
322.310509 
322.310516 
322.310524 
322.310535 
322.310550 
322.310572 
322.310604 
322.310648 
322.310705 
322.310779 
322.310872 
322.310986 
322.312541 
322.312716 
322.312941 
322.313226 
322.313585 
322.314033 
322.314603 
322.315332 
322.316256 
322.317412 
322.318870 
322.320722 
322.323064 
322.325997 
322.329686 
322.334330 
322.340135 
322.347365 
322.356356 
322.367451 
322.381039 
322.397532 
322.417269 
322.440465 
322.467032 
322.496349 
322.526840 
322.555651 
322.578181 
322.588547 
322.582485 
322.565980 
322.567608 
322.618141 
322.361893 
322.361893 
322.361915 
322.361930 
322.361940 
322.361948 
322.361956 
322.361966 
322.361980 
322.362003 
322.362035 
322.362079 
322.362137 
322.362213 
322.362308 
322.362425 
322.363903 
322.364086 
322.364323 
322.364626 
322.365009 
322.365488 
322.366104 
322.366897 
322.367909 
322.369185 
322.370806 
322.372886 
322.375542 
322.378898 
322.383167 
322.388613 
322.395504 
322.404213 
322.415230 
322.429069 
322.446385 
322.467928 
322.494462 
322.526769 
322.565403 
322.610467 
322.660940 
322.713954 
322.763308 
322.797948 
322.801954 
322.762557 
322.701973 
322.713086 
322.413324 
322.413324 
322.413346 
322.413361 
322.413371 
322.413379 
322.413386 
322.413396 
322.413410 
322.413432 
322.413464 
322.413508 
322.413567 
322.413644 
322.413740 
322.413859 
322.415257 
322.415447 
322.415694 
322.416011 
322.416413 
322.416918 
322.417571 
322.418419 
322.419507 
322.420886 
322.422650 
322.424934 
322.427873 
322.431615 
322.436421 
322.442621 
322.450547 
322.460689 
322.473713 
322.490317 
322.511487 
322.538389 
322.572359 
322.615004 
322.667936 
322.732682 
322.809928 
322.898571 
322.993391 
323.081059 
323.134128 
323.106969 
322.962927 
322.825659 
322.464754 
322.464754 
322.464777 
322.464792 
322.464802 
322.464809 
322.464816 
322.464825 
322.464839 
322.464860 
322.464891 
322.464935 
322.464994 
322.465071 
322.465167 
322.465287 
322.466603 
322.466797 
322.467049 
322.467375 
322.467788 
322.468312 
322.468991 
322.469877 
322.471021 
322.472477 
322.474350 
322.476793 
322.479958 
322.484012 
322.489262 
322.496096 
322.504910 
322.516306 
322.531123 
322.550253 
322.575032 
322.607085 
322.648419 
322.701653 
322.769822 
322.856542 
322.965509 
323.099708 
323.259171 
323.435681 
323.601133 
323.683136 
323.534681 
323.075054 
322.516184 
322.516184 
322.516207 
322.516222 
322.516231 
322.516238 
322.516244 
322.516253 
322.516266 
322.516287 
322.516317 
322.516360 
322.516418 
322.516493 
322.516589 
322.516707 
322.517937 
322.518131 
322.518384 
322.518712 
322.519129 
322.519658 
322.520349 
322.521253 
322.522426 
322.523924 
322.525860 
322.528399 
322.531707 
322.535964 
322.541515 
322.548794 
322.558248 
322.570575 
322.586767 
322.607884 
322.635595 
322.671961 
322.719662 
322.782378 
322.864731 
322.972818 
323.114300 
323.298308 
323.534643 
323.830119 
324.177341 
324.519548 
324.644058 
323.949267 
322.567614 
322.567614 
322.567636 
322.567651 
322.567660 
322.567666 
322.567672 
322.567680 
322.567692 
322.567712 
322.567741 
322.567782 
322.567838 
322.567911 
322.568003 
322.568118 
322.569258 
322.569447 
322.569696 
322.570018 
322.570429 
322.570951 
322.571635 
322.572534 
322.573703 
322.575199 
322.577142 
322.579700 
322.583045 
322.587368 
322.593032 
322.600504 
322.610260 
322.623064 
322.640015 
322.662295 
322.691825 
322.731007 
322.783079 
322.852629 
322.945715 
323.070795 
323.239601 
323.468112 
323.778359 
324.199559 
324.766441 
325.501887 
326.317753 
326.407939 
322.619043 
322.619043 
322.619065 
322.619078 
322.619087 
322.619093 
322.619098 
322.619105 
322.619117 
322.619135 
322.619163 
322.619201 
322.619254 
322.619323 
322.619410 
322.619519 
322.620566 
322.620746 
322.620983 
322.621291 
322.621685 
322.622186 
322.622843 
322.623710 
322.624839 
322.626287 
322.628171 
322.630660 
322.633924 
322.638153 
322.643714 
322.651079 
322.660730 
322.673456 
322.690395 
322.712777 
322.742650 
322.782590 
322.836150 
322.908463 
323.006522 
323.140405 
323.324860 
323.581313 
323.942375 
324.458863 
325.212725 
326.341574 
328.074859 
330.597465 
322.670473 
322.670473 
322.670492 
322.670505 
322.670513 
322.670518 
322.670523 
322.670530 
322.670540 
322.670557 
322.670582 
322.670618 
322.670666 
322.670730 
322.670810 
322.670910 
322.671859 
322.672026 
322.672246 
322.672531 
322.672896 
322.673362 
322.673972 
322.674779 
322.675830 
322.677181 
322.678940 
322.681268 
322.684326 
322.688292 
322.693518 
322.700454 
322.709560 
322.721596 
322.737663 
322.758953 
322.787474 
322.825758 
322.877342 
322.947383 
323.043014 
323.174671 
323.358012 
323.616442 
323.987072 
324.531280 
325.357503 
326.678998 
328.990037 
333.868247 
353.150000 
321.954526 
321.954526 
321.954526 
321.954526 
321.954526 
321.954526 
321.954526 
321.954526 
321.954526 
321.954526 
321.954526 
321.954526 
321.954526 
321.954526 
321.954526 
321.954526 
321.954526 
321.954526 
321.954526 
321.954526 
321.954526 
321.954526 
321.954526 
321.954526 
321.954527 
321.954527 
321.954527 
321.954527 
321.954528 
321.954528 
321.954529 
321.954530 
321.954530 
321.954532 
321.954533 
321.954535 
321.954537 
321.954540 
321.954543 
321.954548 
321.954554 
321.954561 
321.954569 
321.954580 
321.954593 
321.954610 
321.954632 
321.954658 
321.954690 
321.954729 
322.005781 
322.005781 
322.005781 
322.005781 
322.005781 
322.005781 
322.005781 
322.005781 
322.005781 
322.005781 
322.005781 
322.005781 
322.005781 
322.005781 
322.005781 
322.005781 
322.005781 
322.005781 
322.005781 
322.005781 
322.005781 
322.005781 
322.005781 
322.005781 
322.005782 
322.005782 
322.005782 
322.005782 
322.005783 
322.005783 
322.005784 
322.005785 
322.005786 
322.005787 
322.005788 
322.005790 
322.005792 
322.005795 
322.005799 
322.005803 
322.005809 
322.005816 
322.005824 
322.005835 
322.005849 
322.005866 
322.005888 
322.005914 
322.005947 
322.005987 
322.057036 
322.057036 
322.057036 
322.057036 
322.057036 
322.057036 
322.057036 
322.057036 
322.057036 
322.057036 
322.057036 
322.057036 
322.057036 
322.057036 
322.057036 
322.057036 
322.057036 
322.057036 
322.057036 
322.057036 
322.057036 
322.057036 
322.057036 
322.057037 
322.057037 
322.057037 
322.057037 
322.057037 
322.057038 
322.057038 
322.057039 
322.057040 
322.057041 
322.057042 
322.057043 
322.057045 
322.057047 
322.057050 
322.057054 
322.057059 
322.057064 
322.057071 
322.057080 
322.057091 
322.057105 
322.057123 
322.057145 
322.057172 
322.057206 
322.057247 
322.108291 
322.108291 
322.108291 
322.108291 
322.108291 
322.108291 
322.108291 
322.108291 
322.108291 
322.108291 
322.108291 
322.108291 
322.108291 
322.108291 
322.108291 
322.108291 
322.108291 
322.108291 
322.108291 
322.108291 
322.108291 
322.108291 
322.108291 
322.108292 
322.108292 
322.108292 
322.108292 
322.108292 
322.108293 
322.108293 
322.108294 
322.108295 
322.108296 
322.108297 
322.108298 
322.108300 
322.108302 
322.108305 
322.108309 
322.108314 
322.108320 
322.108327 
322.108336 
322.108347 
322.108361 
322.108380 
322.108403 
322.108431 
322.108466 
322.108509 
322.159546 
322.159546 
322.159546 
322.159546 
322.159546 
322.159546 
322.159546 
322.159546 
322.159546 
322.159546 
322.159546 
322.159546 
322.159546 
322.159546 
322.159546 
322.159546 
322.159546 
322.159546 
322.159546 
322.159546 
322.159546 
322.159546 
322.159547 
322.159547 
322.159547 
322.159547 
322.159547 
322.159548 
322.159548 
322.159548 
322.159549 
322.159550 
322.159551 
322.159552 
322.159553 
322.159555 
322.159558 
322.159561 
322.159564 
322.159569 
322.159575 
322.159583 
322.159592 
322.159603 
322.159618 
322.159637 
322.159661 
322.159691 
322.159727 
322.159772 
322.210801 
322.210801 
322.210801 
322.210801 
322.210801 
322.210801 
322.210801 
322.210801 
322.210801 
322.210801 
322.210801 
322.210801 
322.210801 
322.210801 
322.210801 
322.210801 
322.210801 
322.210801 
322.210801 
322.210801 
322.210801 
322.210802 
322.210802 
322.210802 
322.210802 
322.210802 
322.210802 
322.210803 
322.210803 
322.210804 
322.210804 
322.210805 
322.210806 
322.210807 
322.210808 
322.210810 
322.210813 
322.210816 
322.210820 
322.210825 
322.210831 
322.210838 
322.210847 
322.210859 
322.210875 
322.210895 
322.210919 
322.210950 
322.210988 
322.211036 
322.262056 
322.262056 
322.262056 
322.262056 
322.262056 
322.262056 
322.262056 
322.262056 
322.262056 
322.262056 
322.262056 
322.262056 
322.262056 
322.262056 
322.262056 
322.262056 
322.262056 
322.262056 
322.262056 
322.262056 
322.262056 
322.262057 
322.262057 
322.262057 
322.262057 
322.262057 
322.262057 
322.262058 
322.262058 
322.262059 
322.262059 
322.262060 
322.262061 
322.262062 
322.262064 
322.262065 
322.262068 
322.262071 
322.262075 
322.262080 
322.262086 
322.262094 
322.262103 
322.262115 
322.262131 
322.262152 
322.262178 
322.262210 
322.262250 
322.262299 
322.313311 
322.313311 
322.313311 
322.313311 
322.313311 
322.313311 
322.313311 
322.313311 
322.313311 
322.313311 
322.313311 
322.313311 
322.313311 
322.313311 
322.313311 
322.313311 
322.313311 
322.313311 
322.313311 
322.313311 
322.313312 
322.313312 
322.313312 
322.313312 
322.313312 
322.313312 
322.313312 
322.313313 
322.313313 
322.313314 
322.313314 
322.313315 
322.313316 
322.313317 
322.313319 
322.313320 
322.313323 
322.313326 
322.313330 
322.313335 
322.313341 
322.313349 
322.313359 
322.313371 
322.313388 
322.313409 
322.313435 
322.313469 
322.313510 
322.313562 
322.364566 
322.364566 
322.364566 
322.364566 
322.364566 
322.364566 
322.364566 
322.364566 
322.364566 
322.364566 
322.364566 
322.364566 
322.364566 
322.364566 
322.364566 
322.364566 
322.364566 
322.364566 
322.364567 
322.364567 
322.364567 
322.364567 
322.364567 
322.364567 
322.364567 
322.364567 
322.364567 
322.364568 
322.364568 
322.364569 
322.364569 
322.364570 
322.364571 
322.364572 
322.364574 
322.364575 
322.364578 
322.364581 
322.364585 
322.364590 
322.364596 
322.364604 
322.364614 
322.364627 
322.364643 
322.364665 
322.364692 
322.364727 
322.364769 
322.364822 
322.415821 
322.415821 
322.415821 
322.415821 
322.415821 
322.415821 
322.415821 
322.415821 
322.415821 
322.415821 
322.415821 
322.415821 
322.415821 
322.415821 
322.415821 
322.415821 
322.415821 
322.415822 
322.415822 
322.415822 
322.415822 
322.415822 
322.415822 
322.415822 
322.415822 
322.415822 
322.415822 
322.415823 
322.415823 
322.415824 
322.415824 
322.415825 
322.415826 
322.415827 
322.415828 
322.415830 
322.415833 
322.415836 
322.415840 
322.415845 
322.415851 
322.415859 
322.415869 
322.415881 
322.415898 
322.415920 
322.415948 
322.415983 
322.416026 
322.416080 
322.467076 
322.467076 
322.467076 
322.467076 
322.467076 
322.467076 
322.467076 
322.467076 
322.467076 
322.467076 
322.467076 
322.467076 
322.467076 
322.467077 
322.467077 
322.467077 
322.467077 
322.467077 
322.467077 
322.467077 
322.467077 
322.467077 
322.467077 
322.467077 
322.467077 
322.467077 
322.467078 
322.467078 
322.467078 
322.467079 
322.467079 
322.467080 
322.467081 
322.467082 
322.467083 
322.467085 
322.467087 
322.467091 
322.467094 
322.467099 
322.467106 
322.467113 
322.467123 
322.467136 
322.467152 
322.467174 
322.467202 
322.467237 
322.467280 
322.467335 
322.518332 
322.518332 
322.518332 
322.518332 
322.518332 
322.518332 
322.518332 
322.518332 
322.518332 
322.518332 
322.518332 
322.518332 
322.518332 
322.518332 
322.518332 
322.518332 
322.518332 
322.518332 
322.518332 
322.518332 
322.518332 
322.518332 
322.518332 
322.518332 
322.518332 
322.518332 
322.518333 
322.518333 
322.518333 
322.518334 
322.518334 
322.518335 
322.518336 
322.518337 
322.518338 
322.518340 
322.518342 
322.518345 
322.518349 
322.518354 
322.518360 
322.518367 
322.518377 
322.518389 
322.518405 
322.518427 
322.518454 
322.518488 
322.518531 
322.518585 
322.569587 
322.569587 
322.569587 
322.569587 
322.569587 
322.569587 
322.569587 
322.569587 
322.569587 
322.569587 
322.569587 
322.569587 
322.569587 
322.569587 
322.569587 
322.569587 
322.569587 
322.569587 
322.569587 
322.569587 
322.569587 
322.569587 
322.569587 
322.569587 
322.569587 
322.569587 
322.569588 
322.569588 
322.569588 
322.569589 
322.569589 
322.569590 
322.569591 
322.569592 
322.569593 
322.569594 
322.569597 
322.569599 
322.569603 
322.569608 
322.569614 
322.569621 
322.569630 
322.569642 
322.569657 
322.569678 
322.569704 
322.569738 
322.569779 
322.569831 
322.620842 
322.620842 
322.620842 
322.620842 
322.620842 
322.620842 
322.620842 
322.620842 
322.620842 
322.620842 
322.620842 
322.620842 
322.620842 
322.620842 
322.620842 
322.620842 
322.620842 
322.620842 
322.620842 
322.620842 
322.620842 
322.620842 
322.620842 
322.620842 
322.620842 
322.620842 
322.620843 
322.620843 
322.620843 
322.620844 
322.620844 
322.620845 
322.620845 
322.620846 
322.620847 
322.620849 
322.620851 
322.620854 
322.620857 
322.620861 
322.620867 
322.620874 
322.620882 
322.620893 
322.620908 
322.620928 
322.620952 
322.620984 
322.621023 
322.621073 
322.672097 
322.672097 
322.672097 
322.672097 
322.672097 
322.672097 
322.672097 
322.672097 
322.672097 
322.672097 
322.672097 
322.672097 
322.672097 
322.672097 
322.672097 
322.672097 
322.672097 
322.672097 
322.672097 
322.672097 
322.672097 
322.672097 
322.672097 
322.672097 
322.672097 
322.672097 
322.672098 
322.672098 
322.672098 
322.672098 
322.672099 
322.672099 
322.672100 
322.672101 
322.672102 
322.672103 
322.672105 
322.672108 
322.672111 
322.672115 
322.672120 
322.672126 
322.672134 
322.672144 
322.672158 
322.672176 
322.672199 
322.672227 
322.672263 
322.672309 
