322.247471 
322.256455 
322.266594 
322.277736 
322.289520 
322.301259 
322.311946 
322.320098 
322.323905 
322.321520 
322.311836 
322.295901 
322.278241 
322.265567 
322.258569 
322.241556 
322.252886 
322.252886 
322.252916 
322.252935 
322.252949 
322.252959 
322.252969 
322.252983 
322.253003 
322.253033 
322.253077 
322.253136 
322.253215 
322.253317 
322.253445 
322.253602 
322.253798 
322.254047 
322.254366 
322.254772 
322.255279 
322.255912 
322.256714 
322.257731 
322.259014 
322.260610 
322.262603 
322.265105 
322.268226 
322.272086 
322.276852 
322.282722 
322.289896 
322.298584 
322.301062 
322.310882 
322.322204 
322.334999 
322.349060 
322.363883 
322.378627 
322.391913 
322.401782 
322.405763 
322.401247 
322.386683 
322.363897 
322.341060 
322.330319 
322.331091 
322.304672 
322.304672 
322.304701 
322.304721 
322.304734 
322.304744 
322.304755 
322.304768 
322.304788 
322.304818 
322.304861 
322.304920 
322.304999 
322.305100 
322.305227 
322.305384 
322.305579 
322.305827 
322.306145 
322.306549 
322.307056 
322.307688 
322.308490 
322.309510 
322.310797 
322.312401 
322.314408 
322.316934 
322.320096 
322.324018 
322.328883 
322.334910 
322.342317 
322.351360 
322.356212 
322.367592 
322.381133 
322.397058 
322.415464 
322.436246 
322.458962 
322.482589 
322.505166 
322.523487 
322.532631 
322.526270 
322.499230 
322.455863 
322.423318 
322.435288 
322.356457 
322.356457 
322.356486 
322.356506 
322.356519 
322.356529 
322.356539 
322.356552 
322.356572 
322.356601 
322.356644 
322.356702 
322.356779 
322.356879 
322.357005 
322.357160 
322.357352 
322.357598 
322.357914 
322.358315 
322.358819 
322.359448 
322.360248 
322.361268 
322.362559 
322.364173 
322.366200 
322.368765 
322.371994 
322.376020 
322.381054 
322.387352 
322.395172 
322.404846 
322.412432 
322.425905 
322.442452 
322.462655 
322.487077 
322.516250 
322.550458 
322.589507 
322.632071 
322.674964 
322.711598 
322.730357 
322.714480 
322.650288 
322.559908 
322.538133 
322.408243 
322.408243 
322.408271 
322.408290 
322.408303 
322.408313 
322.408322 
322.408335 
322.408354 
322.408383 
322.408424 
322.408481 
322.408557 
322.408655 
322.408778 
322.408930 
322.409118 
322.409360 
322.409671 
322.410067 
322.410564 
322.411187 
322.411981 
322.412999 
322.414290 
322.415910 
322.417956 
322.420561 
322.423864 
322.428010 
322.433247 
322.439876 
322.448208 
322.458674 
322.469046 
322.484876 
322.504849 
322.529988 
322.561464 
322.600683 
322.649038 
322.707805 
322.777392 
322.856362 
322.939062 
323.011586 
323.045804 
322.995519 
322.823904 
322.653972 
322.460028 
322.460028 
322.460055 
322.460074 
322.460086 
322.460096 
322.460105 
322.460117 
322.460136 
322.460163 
322.460203 
322.460258 
322.460331 
322.460426 
322.460546 
322.460693 
322.460876 
322.461112 
322.461415 
322.461802 
322.462290 
322.462901 
322.463684 
322.464691 
322.465974 
322.467590 
322.469641 
322.472273 
322.475635 
322.479884 
322.485306 
322.492254 
322.501090 
322.512354 
322.525263 
322.543388 
322.566751 
322.596854 
322.635564 
322.685331 
322.748994 
322.829940 
322.931582 
323.056554 
323.204431 
323.366428 
323.513809 
323.573563 
323.397982 
322.904773 
322.511812 
322.511812 
322.511839 
322.511857 
322.511869 
322.511878 
322.511886 
322.511898 
322.511915 
322.511942 
322.511980 
322.512032 
322.512103 
322.512194 
322.512308 
322.512450 
322.512626 
322.512852 
322.513145 
322.513520 
322.513992 
322.514586 
322.515348 
322.516334 
322.517595 
322.519188 
322.521221 
322.523849 
322.527227 
322.531527 
322.537063 
322.544235 
322.553451 
322.565349 
322.580267 
322.600277 
322.626493 
322.660871 
322.705970 
322.765317 
322.843352 
322.945947 
323.080475 
323.255701 
323.480956 
323.762471 
324.092156 
324.412409 
324.509421 
323.780138 
322.563597 
322.563597 
322.563622 
322.563639 
322.563650 
322.563659 
322.563667 
322.563678 
322.563694 
322.563719 
322.563754 
322.563804 
322.563871 
322.563957 
322.564065 
322.564199 
322.564366 
322.564582 
322.564860 
322.565217 
322.565669 
322.566236 
322.566969 
322.567918 
322.569138 
322.570683 
322.572664 
322.575239 
322.578570 
322.582831 
322.588361 
322.595586 
322.604948 
322.617153 
322.633318 
322.654473 
322.682521 
322.719773 
322.769354 
322.835711 
322.924731 
323.044648 
323.206906 
323.427112 
323.726815 
324.134616 
324.684446 
325.398119 
326.186052 
326.240618 
322.615381 
322.615381 
322.615405 
322.615421 
322.615431 
322.615439 
322.615446 
322.615456 
322.615471 
322.615494 
322.615527 
322.615574 
322.615636 
322.615716 
322.615817 
322.615942 
322.616098 
322.616299 
322.616559 
322.616894 
322.617317 
322.617851 
322.618540 
322.619437 
322.620592 
322.622058 
322.623945 
322.626408 
322.629607 
322.633716 
322.639077 
322.646126 
322.655310 
322.667367 
322.683848 
322.705146 
322.733610 
322.771733 
322.822967 
322.892314 
322.986603 
323.115696 
323.294059 
323.542754 
323.893910 
324.397703 
325.135208 
326.242827 
327.948310 
330.434282 
322.667165 
322.667165 
322.667187 
322.667202 
322.667211 
322.667218 
322.667225 
322.667234 
322.667248 
322.667268 
322.667299 
322.667341 
322.667397 
322.667471 
322.667563 
322.667677 
322.667820 
322.668004 
322.668243 
322.668549 
322.668938 
322.669428 
322.670062 
322.670888 
322.671952 
322.673306 
322.675052 
322.677336 
322.680310 
322.684137 
322.689145 
322.695752 
322.704386 
322.715761 
322.731545 
322.751830 
322.779052 
322.815670 
322.865130 
322.932467 
323.024661 
323.151948 
323.329722 
323.581043 
323.942562 
324.475032 
325.286021 
326.587552 
328.872098 
333.714322 
353.150000 
