321.950493 
322.003842 
322.003842 
322.003857 
322.003868 
322.003877 
322.003885 
322.003893 
322.003904 
322.003918 
322.003938 
322.003965 
322.004001 
322.004047 
322.004106 
322.004177 
322.004265 
322.004370 
322.004501 
322.004662 
322.004861 
322.005104 
322.005397 
322.005754 
322.006187 
322.006708 
322.007332 
322.008074 
322.008950 
322.009979 
322.011177 
322.012554 
322.014118 
322.015874 
322.017812 
322.019904 
322.022117 
322.024394 
322.026662 
322.028850 
322.030894 
322.032768 
322.034515 
322.036270 
322.038224 
322.040501 
322.042846 
322.044170 
322.041931 
322.030731 
322.044229 
322.055185 
322.055185 
322.055200 
322.055212 
322.055220 
322.055228 
322.055236 
322.055247 
322.055262 
322.055282 
322.055309 
322.055346 
322.055392 
322.055452 
322.055525 
322.055613 
322.055721 
322.055855 
322.056021 
322.056225 
322.056475 
322.056778 
322.057148 
322.057599 
322.058145 
322.058802 
322.059586 
322.060519 
322.061623 
322.062920 
322.064425 
322.066155 
322.068123 
322.070329 
322.072753 
322.075373 
322.078133 
322.080958 
322.083759 
322.086434 
322.088902 
322.091133 
322.093205 
322.095323 
322.097809 
322.100904 
322.104338 
322.106782 
322.105764 
322.155434 
322.106528 
322.106528 
322.106544 
322.106556 
322.106565 
322.106572 
322.106580 
322.106591 
322.106606 
322.106626 
322.106654 
322.106691 
322.106739 
322.106800 
322.106875 
322.106967 
322.107079 
322.107218 
322.107391 
322.107606 
322.107870 
322.108192 
322.108587 
322.109073 
322.109666 
322.110384 
322.111249 
322.112293 
322.113543 
322.115030 
322.116785 
322.118840 
322.121227 
322.123965 
322.127057 
322.130503 
322.134257 
322.138248 
322.142365 
322.146443 
322.150299 
322.153745 
322.156700 
322.159290 
322.162040 
322.165960 
322.172293 
322.181862 
322.195473 
322.262092 
322.157870 
322.157870 
322.157888 
322.157900 
322.157909 
322.157917 
322.157925 
322.157935 
322.157950 
322.157970 
322.157999 
322.158037 
322.158087 
322.158150 
322.158229 
322.158324 
322.158442 
322.158588 
322.158772 
322.159002 
322.159285 
322.159633 
322.160064 
322.160598 
322.161257 
322.162062 
322.163044 
322.164245 
322.165705 
322.167467 
322.169584 
322.172115 
322.175119 
322.178649 
322.182750 
322.187462 
322.192773 
322.198637 
322.204940 
322.211457 
322.217883 
322.223798 
322.228798 
322.232666 
322.235791 
322.239718 
322.247488 
322.262928 
322.289138 
322.359439 
322.209213 
322.209213 
322.209232 
322.209244 
322.209254 
322.209261 
322.209269 
322.209280 
322.209294 
322.209315 
322.209344 
322.209384 
322.209435 
322.209501 
322.209584 
322.209684 
322.209808 
322.209963 
322.210160 
322.210408 
322.210715 
322.211093 
322.211567 
322.212162 
322.212902 
322.213814 
322.214940 
322.216336 
322.218059 
322.220167 
322.222744 
322.225886 
322.229689 
322.234257 
322.239702 
322.246132 
322.253607 
322.262154 
322.271706 
322.282036 
322.292746 
322.303166 
322.312414 
322.319550 
322.324085 
322.327059 
322.332545 
322.348144 
322.380812 
322.451498 
322.260556 
322.260556 
322.260576 
322.260589 
322.260598 
322.260606 
322.260614 
322.260624 
322.260638 
322.260660 
322.260689 
322.260730 
322.260784 
322.260853 
322.260939 
322.261044 
322.261175 
322.261341 
322.261551 
322.261818 
322.262151 
322.262564 
322.263085 
322.263746 
322.264577 
322.265609 
322.266898 
322.268516 
322.270539 
322.273046 
322.276157 
322.280016 
322.284769 
322.290590 
322.297687 
322.306268 
322.316522 
322.328623 
322.342642 
322.358474 
322.375753 
322.393675 
322.410860 
322.425350 
322.434858 
322.438017 
322.437201 
322.442654 
322.470812 
322.541795 
322.311899 
322.311899 
322.311919 
322.311934 
322.311943 
322.311951 
322.311958 
322.311968 
322.311982 
322.312004 
322.312034 
322.312076 
322.312132 
322.312203 
322.312293 
322.312404 
322.312541 
322.312716 
322.312941 
322.313226 
322.313585 
322.314033 
322.314603 
322.315332 
322.316256 
322.317412 
322.318870 
322.320722 
322.323064 
322.325997 
322.329686 
322.334330 
322.340135 
322.347365 
322.356356 
322.367451 
322.381039 
322.397532 
322.417269 
322.440465 
322.467032 
322.496349 
322.526840 
322.555651 
322.578181 
322.588547 
322.582485 
322.565980 
322.567608 
322.632269 
322.363241 
322.363241 
322.363263 
322.363278 
322.363287 
322.363295 
322.363302 
322.363311 
322.363326 
322.363347 
322.363378 
322.363421 
322.363478 
322.363552 
322.363645 
322.363760 
322.363903 
322.364086 
322.364323 
322.364626 
322.365009 
322.365488 
322.366104 
322.366897 
322.367909 
322.369185 
322.370806 
322.372886 
322.375542 
322.378898 
322.383167 
322.388613 
322.395504 
322.404213 
322.415230 
322.429069 
322.446385 
322.467928 
322.494462 
322.526769 
322.565403 
322.610467 
322.660940 
322.713954 
322.763308 
322.797948 
322.801954 
322.762557 
322.701973 
322.729563 
322.414584 
322.414584 
322.414606 
322.414621 
322.414631 
322.414638 
322.414645 
322.414654 
322.414668 
322.414689 
322.414720 
322.414764 
322.414822 
322.414897 
322.414993 
322.415110 
322.415257 
322.415447 
322.415694 
322.416011 
322.416413 
322.416918 
322.417571 
322.418419 
322.419507 
322.420886 
322.422650 
322.424934 
322.427873 
322.431615 
322.436421 
322.442621 
322.450547 
322.460689 
322.473713 
322.490317 
322.511487 
322.538389 
322.572359 
322.615004 
322.667936 
322.732682 
322.809928 
322.898571 
322.993391 
323.081059 
323.134128 
323.106969 
322.962927 
322.875320 
322.465926 
322.465926 
322.465949 
322.465964 
322.465974 
322.465981 
322.465987 
322.465996 
322.466009 
322.466030 
322.466061 
322.466104 
322.466163 
322.466239 
322.466335 
322.466454 
322.466603 
322.466797 
322.467049 
322.467375 
322.467788 
322.468312 
322.468991 
322.469877 
322.471021 
322.472477 
322.474350 
322.476793 
322.479958 
322.484012 
322.489262 
322.496096 
322.504910 
322.516306 
322.531123 
322.550253 
322.575032 
322.607085 
322.648419 
322.701653 
322.769822 
322.856542 
322.965509 
323.099708 
323.259171 
323.435681 
323.601133 
323.683136 
323.534681 
323.246029 
322.517268 
322.517268 
322.517291 
322.517306 
322.517316 
322.517322 
322.517328 
322.517336 
322.517349 
322.517369 
322.517400 
322.517442 
322.517500 
322.517575 
322.517670 
322.517788 
322.517937 
322.518131 
322.518384 
322.518712 
322.519129 
322.519658 
322.520349 
322.521253 
322.522426 
322.523924 
322.525860 
322.528399 
322.531707 
322.535964 
322.541515 
322.548794 
322.558248 
322.570575 
322.586767 
322.607884 
322.635595 
322.671961 
322.719662 
322.782378 
322.864731 
322.972818 
323.114300 
323.298308 
323.534643 
323.830119 
324.177341 
324.519548 
324.644058 
324.291902 
322.568610 
322.568610 
322.568633 
322.568647 
322.568656 
322.568662 
322.568668 
322.568675 
322.568688 
322.568707 
322.568736 
322.568777 
322.568833 
322.568906 
322.568998 
322.569113 
322.569258 
322.569447 
322.569696 
322.570018 
322.570429 
322.570951 
322.571635 
322.572534 
322.573703 
322.575199 
322.577142 
322.579700 
322.583045 
322.587368 
322.593032 
322.600504 
322.610260 
322.623064 
322.640015 
322.662295 
322.691825 
322.731007 
322.783079 
322.852629 
322.945715 
323.070795 
323.239601 
323.468112 
323.778359 
324.199559 
324.766441 
325.501887 
326.317753 
326.540895 
322.619952 
322.619952 
322.619973 
322.619987 
322.619995 
322.620001 
322.620006 
322.620013 
322.620025 
322.620043 
322.620070 
322.620109 
322.620162 
322.620231 
322.620319 
322.620428 
322.620566 
322.620746 
322.620983 
322.621291 
322.621685 
322.622186 
322.622843 
322.623710 
322.624839 
322.626287 
322.628171 
322.630660 
322.633924 
322.638153 
322.643714 
322.651079 
322.660730 
322.673456 
322.690395 
322.712777 
322.742650 
322.782590 
322.836150 
322.908463 
323.006522 
323.140405 
323.324860 
323.581313 
323.942375 
324.458863 
325.212725 
326.341574 
328.074859 
329.656336 
322.671293 
322.671293 
322.671313 
322.671326 
322.671334 
322.671339 
322.671343 
322.671350 
322.671360 
322.671377 
322.671402 
322.671438 
322.671486 
322.671550 
322.671631 
322.671732 
322.671859 
322.672026 
322.672246 
322.672531 
322.672896 
322.673362 
322.673972 
322.674779 
322.675830 
322.677181 
322.678940 
322.681268 
322.684326 
322.688292 
322.693518 
322.700454 
322.709560 
322.721596 
322.737663 
322.758953 
322.787474 
322.825758 
322.877342 
322.947383 
323.043014 
323.174671 
323.358012 
323.616442 
323.987072 
324.531280 
325.357503 
326.678998 
328.990037 
332.448053 
353.150000 
321.954526 
321.954526 
321.954526 
321.954526 
321.954526 
321.954526 
321.954526 
321.954526 
321.954526 
321.954526 
321.954526 
321.954526 
321.954526 
321.954526 
321.954526 
321.954526 
321.954526 
321.954526 
321.954526 
321.954526 
321.954526 
321.954526 
321.954526 
321.954526 
321.954527 
321.954527 
321.954527 
321.954527 
321.954528 
321.954528 
321.954529 
321.954530 
321.954530 
321.954532 
321.954533 
321.954535 
321.954537 
321.954540 
321.954543 
321.954548 
321.954554 
321.954561 
321.954569 
321.954580 
321.954593 
321.954610 
321.954632 
321.954658 
321.954690 
321.954729 
322.005781 
322.005781 
322.005781 
322.005781 
322.005781 
322.005781 
322.005781 
322.005781 
322.005781 
322.005781 
322.005781 
322.005781 
322.005781 
322.005781 
322.005781 
322.005781 
322.005781 
322.005781 
322.005781 
322.005781 
322.005781 
322.005781 
322.005781 
322.005781 
322.005782 
322.005782 
322.005782 
322.005782 
322.005783 
322.005783 
322.005784 
322.005785 
322.005786 
322.005787 
322.005788 
322.005790 
322.005792 
322.005795 
322.005799 
322.005803 
322.005809 
322.005816 
322.005824 
322.005835 
322.005849 
322.005866 
322.005888 
322.005914 
322.005947 
322.005987 
322.057036 
322.057036 
322.057036 
322.057036 
322.057036 
322.057036 
322.057036 
322.057036 
322.057036 
322.057036 
322.057036 
322.057036 
322.057036 
322.057036 
322.057036 
322.057036 
322.057036 
322.057036 
322.057036 
322.057036 
322.057036 
322.057036 
322.057036 
322.057037 
322.057037 
322.057037 
322.057037 
322.057037 
322.057038 
322.057038 
322.057039 
322.057040 
322.057041 
322.057042 
322.057043 
322.057045 
322.057047 
322.057050 
322.057054 
322.057059 
322.057064 
322.057071 
322.057080 
322.057091 
322.057105 
322.057123 
322.057145 
322.057172 
322.057206 
322.057247 
322.108291 
322.108291 
322.108291 
322.108291 
322.108291 
322.108291 
322.108291 
322.108291 
322.108291 
322.108291 
322.108291 
322.108291 
322.108291 
322.108291 
322.108291 
322.108291 
322.108291 
322.108291 
322.108291 
322.108291 
322.108291 
322.108291 
322.108291 
322.108292 
322.108292 
322.108292 
322.108292 
322.108292 
322.108293 
322.108293 
322.108294 
322.108295 
322.108296 
322.108297 
322.108298 
322.108300 
322.108302 
322.108305 
322.108309 
322.108314 
322.108320 
322.108327 
322.108336 
322.108347 
322.108361 
322.108380 
322.108403 
322.108431 
322.108466 
322.108509 
322.159546 
322.159546 
322.159546 
322.159546 
322.159546 
322.159546 
322.159546 
322.159546 
322.159546 
322.159546 
322.159546 
322.159546 
322.159546 
322.159546 
322.159546 
322.159546 
322.159546 
322.159546 
322.159546 
322.159546 
322.159546 
322.159546 
322.159547 
322.159547 
322.159547 
322.159547 
322.159547 
322.159548 
322.159548 
322.159548 
322.159549 
322.159550 
322.159551 
322.159552 
322.159553 
322.159555 
322.159558 
322.159561 
322.159564 
322.159569 
322.159575 
322.159583 
322.159592 
322.159603 
322.159618 
322.159637 
322.159661 
322.159691 
322.159727 
322.159772 
322.210801 
322.210801 
322.210801 
322.210801 
322.210801 
322.210801 
322.210801 
322.210801 
322.210801 
322.210801 
322.210801 
322.210801 
322.210801 
322.210801 
322.210801 
322.210801 
322.210801 
322.210801 
322.210801 
322.210801 
322.210801 
322.210802 
322.210802 
322.210802 
322.210802 
322.210802 
322.210802 
322.210803 
322.210803 
322.210804 
322.210804 
322.210805 
322.210806 
322.210807 
322.210808 
322.210810 
322.210813 
322.210816 
322.210820 
322.210825 
322.210831 
322.210838 
322.210847 
322.210859 
322.210875 
322.210895 
322.210919 
322.210950 
322.210988 
322.211036 
322.262056 
322.262056 
322.262056 
322.262056 
322.262056 
322.262056 
322.262056 
322.262056 
322.262056 
322.262056 
322.262056 
322.262056 
322.262056 
322.262056 
322.262056 
322.262056 
322.262056 
322.262056 
322.262056 
322.262056 
322.262056 
322.262057 
322.262057 
322.262057 
322.262057 
322.262057 
322.262057 
322.262058 
322.262058 
322.262059 
322.262059 
322.262060 
322.262061 
322.262062 
322.262064 
322.262065 
322.262068 
322.262071 
322.262075 
322.262080 
322.262086 
322.262094 
322.262103 
322.262115 
322.262131 
322.262152 
322.262178 
322.262210 
322.262250 
322.262299 
322.313311 
322.313311 
322.313311 
322.313311 
322.313311 
322.313311 
322.313311 
322.313311 
322.313311 
322.313311 
322.313311 
322.313311 
322.313311 
322.313311 
322.313311 
322.313311 
322.313311 
322.313311 
322.313311 
322.313311 
322.313312 
322.313312 
322.313312 
322.313312 
322.313312 
322.313312 
322.313312 
322.313313 
322.313313 
322.313314 
322.313314 
322.313315 
322.313316 
322.313317 
322.313319 
322.313320 
322.313323 
322.313326 
322.313330 
322.313335 
322.313341 
322.313349 
322.313359 
322.313371 
322.313388 
322.313409 
322.313435 
322.313469 
322.313510 
322.313562 
322.364566 
322.364566 
322.364566 
322.364566 
322.364566 
322.364566 
322.364566 
322.364566 
322.364566 
322.364566 
322.364566 
322.364566 
322.364566 
322.364566 
322.364566 
322.364566 
322.364566 
322.364566 
322.364567 
322.364567 
322.364567 
322.364567 
322.364567 
322.364567 
322.364567 
322.364567 
322.364567 
322.364568 
322.364568 
322.364569 
322.364569 
322.364570 
322.364571 
322.364572 
322.364574 
322.364575 
322.364578 
322.364581 
322.364585 
322.364590 
322.364596 
322.364604 
322.364614 
322.364627 
322.364643 
322.364665 
322.364692 
322.364727 
322.364769 
322.364822 
322.415821 
322.415821 
322.415821 
322.415821 
322.415821 
322.415821 
322.415821 
322.415821 
322.415821 
322.415821 
322.415821 
322.415821 
322.415821 
322.415821 
322.415821 
322.415821 
322.415821 
322.415822 
322.415822 
322.415822 
322.415822 
322.415822 
322.415822 
322.415822 
322.415822 
322.415822 
322.415822 
322.415823 
322.415823 
322.415824 
322.415824 
322.415825 
322.415826 
322.415827 
322.415828 
322.415830 
322.415833 
322.415836 
322.415840 
322.415845 
322.415851 
322.415859 
322.415869 
322.415881 
322.415898 
322.415920 
322.415948 
322.415983 
322.416026 
322.416080 
322.467076 
322.467076 
322.467076 
322.467076 
322.467076 
322.467076 
322.467076 
322.467076 
322.467076 
322.467076 
322.467076 
322.467076 
322.467076 
322.467077 
322.467077 
322.467077 
322.467077 
322.467077 
322.467077 
322.467077 
322.467077 
322.467077 
322.467077 
322.467077 
322.467077 
322.467077 
322.467078 
322.467078 
322.467078 
322.467079 
322.467079 
322.467080 
322.467081 
322.467082 
322.467083 
322.467085 
322.467087 
322.467091 
322.467094 
322.467099 
322.467106 
322.467113 
322.467123 
322.467136 
322.467152 
322.467174 
322.467202 
322.467237 
322.467280 
322.467335 
322.518332 
322.518332 
322.518332 
322.518332 
322.518332 
322.518332 
322.518332 
322.518332 
322.518332 
322.518332 
322.518332 
322.518332 
322.518332 
322.518332 
322.518332 
322.518332 
322.518332 
322.518332 
322.518332 
322.518332 
322.518332 
322.518332 
322.518332 
322.518332 
322.518332 
322.518332 
322.518333 
322.518333 
322.518333 
322.518334 
322.518334 
322.518335 
322.518336 
322.518337 
322.518338 
322.518340 
322.518342 
322.518345 
322.518349 
322.518354 
322.518360 
322.518367 
322.518377 
322.518389 
322.518405 
322.518427 
322.518454 
322.518488 
322.518531 
322.518585 
322.569587 
322.569587 
322.569587 
322.569587 
322.569587 
322.569587 
322.569587 
322.569587 
322.569587 
322.569587 
322.569587 
322.569587 
322.569587 
322.569587 
322.569587 
322.569587 
322.569587 
322.569587 
322.569587 
322.569587 
322.569587 
322.569587 
322.569587 
322.569587 
322.569587 
322.569587 
322.569588 
322.569588 
322.569588 
322.569589 
322.569589 
322.569590 
322.569591 
322.569592 
322.569593 
322.569594 
322.569597 
322.569599 
322.569603 
322.569608 
322.569614 
322.569621 
322.569630 
322.569642 
322.569657 
322.569678 
322.569704 
322.569738 
322.569779 
322.569831 
322.620842 
322.620842 
322.620842 
322.620842 
322.620842 
322.620842 
322.620842 
322.620842 
322.620842 
322.620842 
322.620842 
322.620842 
322.620842 
322.620842 
322.620842 
322.620842 
322.620842 
322.620842 
322.620842 
322.620842 
322.620842 
322.620842 
322.620842 
322.620842 
322.620842 
322.620842 
322.620843 
322.620843 
322.620843 
322.620844 
322.620844 
322.620845 
322.620845 
322.620846 
322.620847 
322.620849 
322.620851 
322.620854 
322.620857 
322.620861 
322.620867 
322.620874 
322.620882 
322.620893 
322.620908 
322.620928 
322.620952 
322.620984 
322.621023 
322.621073 
322.672097 
322.672097 
322.672097 
322.672097 
322.672097 
322.672097 
322.672097 
322.672097 
322.672097 
322.672097 
322.672097 
322.672097 
322.672097 
322.672097 
322.672097 
322.672097 
322.672097 
322.672097 
322.672097 
322.672097 
322.672097 
322.672097 
322.672097 
322.672097 
322.672097 
322.672097 
322.672098 
322.672098 
322.672098 
322.672098 
322.672099 
322.672099 
322.672100 
322.672101 
322.672102 
322.672103 
322.672105 
322.672108 
322.672111 
322.672115 
322.672120 
322.672126 
322.672134 
322.672144 
322.672158 
322.672176 
322.672199 
322.672227 
322.672263 
322.672309 
321.954526 
321.954526 
321.954526 
321.954526 
321.954526 
321.954526 
321.954526 
321.954526 
321.954526 
321.954526 
321.954526 
321.954526 
321.954526 
321.954526 
321.954526 
321.954526 
321.954526 
321.954526 
321.954526 
321.954526 
321.954526 
321.954526 
321.954526 
321.954526 
321.954527 
321.954527 
321.954527 
321.954527 
321.954528 
321.954528 
321.954529 
321.954530 
321.954530 
321.954532 
321.954533 
321.954535 
321.954537 
321.954540 
321.954543 
321.954548 
321.954554 
321.954561 
321.954569 
321.954580 
321.954593 
321.954610 
321.954632 
321.954658 
321.954690 
321.954729 
322.005781 
322.005781 
322.005781 
322.005781 
322.005781 
322.005781 
322.005781 
322.005781 
322.005781 
322.005781 
322.005781 
322.005781 
322.005781 
322.005781 
322.005781 
322.005781 
322.005781 
322.005781 
322.005781 
322.005781 
322.005781 
322.005781 
322.005781 
322.005781 
322.005782 
322.005782 
322.005782 
322.005782 
322.005783 
322.005783 
322.005784 
322.005785 
322.005786 
322.005787 
322.005788 
322.005790 
322.005792 
322.005795 
322.005799 
322.005803 
322.005809 
322.005816 
322.005824 
322.005835 
322.005849 
322.005866 
322.005888 
322.005914 
322.005947 
322.005987 
322.057036 
322.057036 
322.057036 
322.057036 
322.057036 
322.057036 
322.057036 
322.057036 
322.057036 
322.057036 
322.057036 
322.057036 
322.057036 
322.057036 
322.057036 
322.057036 
322.057036 
322.057036 
322.057036 
322.057036 
322.057036 
322.057036 
322.057036 
322.057037 
322.057037 
322.057037 
322.057037 
322.057037 
322.057038 
322.057038 
322.057039 
322.057040 
322.057041 
322.057042 
322.057043 
322.057045 
322.057047 
322.057050 
322.057054 
322.057059 
322.057064 
322.057071 
322.057080 
322.057091 
322.057105 
322.057123 
322.057145 
322.057172 
322.057206 
322.057247 
322.108291 
322.108291 
322.108291 
322.108291 
322.108291 
322.108291 
322.108291 
322.108291 
322.108291 
322.108291 
322.108291 
322.108291 
322.108291 
322.108291 
322.108291 
322.108291 
322.108291 
322.108291 
322.108291 
322.108291 
322.108291 
322.108291 
322.108291 
322.108292 
322.108292 
322.108292 
322.108292 
322.108292 
322.108293 
322.108293 
322.108294 
322.108295 
322.108296 
322.108297 
322.108298 
322.108300 
322.108302 
322.108305 
322.108309 
322.108314 
322.108320 
322.108327 
322.108336 
322.108347 
322.108361 
322.108380 
322.108403 
322.108431 
322.108466 
322.108509 
322.159546 
322.159546 
322.159546 
322.159546 
322.159546 
322.159546 
322.159546 
322.159546 
322.159546 
322.159546 
322.159546 
322.159546 
322.159546 
322.159546 
322.159546 
322.159546 
322.159546 
322.159546 
322.159546 
322.159546 
322.159546 
322.159546 
322.159547 
322.159547 
322.159547 
322.159547 
322.159547 
322.159548 
322.159548 
322.159548 
322.159549 
322.159550 
322.159551 
322.159552 
322.159553 
322.159555 
322.159558 
322.159561 
322.159564 
322.159569 
322.159575 
322.159583 
322.159592 
322.159603 
322.159618 
322.159637 
322.159661 
322.159691 
322.159727 
322.159772 
322.210801 
322.210801 
322.210801 
322.210801 
322.210801 
322.210801 
322.210801 
322.210801 
322.210801 
322.210801 
322.210801 
322.210801 
322.210801 
322.210801 
322.210801 
322.210801 
322.210801 
322.210801 
322.210801 
322.210801 
322.210801 
322.210802 
322.210802 
322.210802 
322.210802 
322.210802 
322.210802 
322.210803 
322.210803 
322.210804 
322.210804 
322.210805 
322.210806 
322.210807 
322.210808 
322.210810 
322.210813 
322.210816 
322.210820 
322.210825 
322.210831 
322.210838 
322.210847 
322.210859 
322.210875 
322.210895 
322.210919 
322.210950 
322.210988 
322.211036 
322.262056 
322.262056 
322.262056 
322.262056 
322.262056 
322.262056 
322.262056 
322.262056 
322.262056 
322.262056 
322.262056 
322.262056 
322.262056 
322.262056 
322.262056 
322.262056 
322.262056 
322.262056 
322.262056 
322.262056 
322.262056 
322.262057 
322.262057 
322.262057 
322.262057 
322.262057 
322.262057 
322.262058 
322.262058 
322.262059 
322.262059 
322.262060 
322.262061 
322.262062 
322.262064 
322.262065 
322.262068 
322.262071 
322.262075 
322.262080 
322.262086 
322.262094 
322.262103 
322.262115 
322.262131 
322.262152 
322.262178 
322.262210 
322.262250 
322.262299 
322.313311 
322.313311 
322.313311 
322.313311 
322.313311 
322.313311 
322.313311 
322.313311 
322.313311 
322.313311 
322.313311 
322.313311 
322.313311 
322.313311 
322.313311 
322.313311 
322.313311 
322.313311 
322.313311 
322.313311 
322.313312 
322.313312 
322.313312 
322.313312 
322.313312 
322.313312 
322.313312 
322.313313 
322.313313 
322.313314 
322.313314 
322.313315 
322.313316 
322.313317 
322.313319 
322.313320 
322.313323 
322.313326 
322.313330 
322.313335 
322.313341 
322.313349 
322.313359 
322.313371 
322.313388 
322.313409 
322.313435 
322.313469 
322.313510 
322.313562 
322.364566 
322.364566 
322.364566 
322.364566 
322.364566 
322.364566 
322.364566 
322.364566 
322.364566 
322.364566 
322.364566 
322.364566 
322.364566 
322.364566 
322.364566 
322.364566 
322.364566 
322.364566 
322.364567 
322.364567 
322.364567 
322.364567 
322.364567 
322.364567 
322.364567 
322.364567 
322.364567 
322.364568 
322.364568 
322.364569 
322.364569 
322.364570 
322.364571 
322.364572 
322.364574 
322.364575 
322.364578 
322.364581 
322.364585 
322.364590 
322.364596 
322.364604 
322.364614 
322.364627 
322.364643 
322.364665 
322.364692 
322.364727 
322.364769 
322.364822 
322.415821 
322.415821 
322.415821 
322.415821 
322.415821 
322.415821 
322.415821 
322.415821 
322.415821 
322.415821 
322.415821 
322.415821 
322.415821 
322.415821 
322.415821 
322.415821 
322.415821 
322.415822 
322.415822 
322.415822 
322.415822 
322.415822 
322.415822 
322.415822 
322.415822 
322.415822 
322.415822 
322.415823 
322.415823 
322.415824 
322.415824 
322.415825 
322.415826 
322.415827 
322.415828 
322.415830 
322.415833 
322.415836 
322.415840 
322.415845 
322.415851 
322.415859 
322.415869 
322.415881 
322.415898 
322.415920 
322.415948 
322.415983 
322.416026 
322.416080 
322.467076 
322.467076 
322.467076 
322.467076 
322.467076 
322.467076 
322.467076 
322.467076 
322.467076 
322.467076 
322.467076 
322.467076 
322.467076 
322.467077 
322.467077 
322.467077 
322.467077 
322.467077 
322.467077 
322.467077 
322.467077 
322.467077 
322.467077 
322.467077 
322.467077 
322.467077 
322.467078 
322.467078 
322.467078 
322.467079 
322.467079 
322.467080 
322.467081 
322.467082 
322.467083 
322.467085 
322.467087 
322.467091 
322.467094 
322.467099 
322.467106 
322.467113 
322.467123 
322.467136 
322.467152 
322.467174 
322.467202 
322.467237 
322.467280 
322.467335 
322.518332 
322.518332 
322.518332 
322.518332 
322.518332 
322.518332 
322.518332 
322.518332 
322.518332 
322.518332 
322.518332 
322.518332 
322.518332 
322.518332 
322.518332 
322.518332 
322.518332 
322.518332 
322.518332 
322.518332 
322.518332 
322.518332 
322.518332 
322.518332 
322.518332 
322.518332 
322.518333 
322.518333 
322.518333 
322.518334 
322.518334 
322.518335 
322.518336 
322.518337 
322.518338 
322.518340 
322.518342 
322.518345 
322.518349 
322.518354 
322.518360 
322.518367 
322.518377 
322.518389 
322.518405 
322.518427 
322.518454 
322.518488 
322.518531 
322.518585 
322.569587 
322.569587 
322.569587 
322.569587 
322.569587 
322.569587 
322.569587 
322.569587 
322.569587 
322.569587 
322.569587 
322.569587 
322.569587 
322.569587 
322.569587 
322.569587 
322.569587 
322.569587 
322.569587 
322.569587 
322.569587 
322.569587 
322.569587 
322.569587 
322.569587 
322.569587 
322.569588 
322.569588 
322.569588 
322.569589 
322.569589 
322.569590 
322.569591 
322.569592 
322.569593 
322.569594 
322.569597 
322.569599 
322.569603 
322.569608 
322.569614 
322.569621 
322.569630 
322.569642 
322.569657 
322.569678 
322.569704 
322.569738 
322.569779 
322.569831 
322.620842 
322.620842 
322.620842 
322.620842 
322.620842 
322.620842 
322.620842 
322.620842 
322.620842 
322.620842 
322.620842 
322.620842 
322.620842 
322.620842 
322.620842 
322.620842 
322.620842 
322.620842 
322.620842 
322.620842 
322.620842 
322.620842 
322.620842 
322.620842 
322.620842 
322.620842 
322.620843 
322.620843 
322.620843 
322.620844 
322.620844 
322.620845 
322.620845 
322.620846 
322.620847 
322.620849 
322.620851 
322.620854 
322.620857 
322.620861 
322.620867 
322.620874 
322.620882 
322.620893 
322.620908 
322.620928 
322.620952 
322.620984 
322.621023 
322.621073 
322.672097 
322.672097 
322.672097 
322.672097 
322.672097 
322.672097 
322.672097 
322.672097 
322.672097 
322.672097 
322.672097 
322.672097 
322.672097 
322.672097 
322.672097 
322.672097 
322.672097 
322.672097 
322.672097 
322.672097 
322.672097 
322.672097 
322.672097 
322.672097 
322.672097 
322.672097 
322.672098 
322.672098 
322.672098 
322.672098 
322.672099 
322.672099 
322.672100 
322.672101 
322.672102 
322.672103 
322.672105 
322.672108 
322.672111 
322.672115 
322.672120 
322.672126 
322.672134 
322.672144 
322.672158 
322.672176 
322.672199 
322.672227 
322.672263 
322.672309 
321.954526 
321.954526 
321.954526 
321.954526 
321.954526 
321.954526 
321.954526 
321.954526 
321.954526 
321.954526 
321.954526 
321.954526 
321.954526 
321.954526 
321.954526 
321.954526 
321.954526 
321.954526 
321.954526 
321.954526 
321.954526 
321.954526 
321.954526 
321.954526 
321.954527 
321.954527 
321.954527 
321.954527 
321.954528 
321.954528 
321.954529 
321.954530 
321.954530 
321.954532 
321.954533 
321.954535 
321.954537 
321.954540 
321.954543 
321.954548 
321.954554 
321.954561 
321.954569 
321.954580 
321.954593 
321.954610 
321.954632 
321.954658 
321.954690 
321.954729 
322.005781 
322.005781 
322.005781 
322.005781 
322.005781 
322.005781 
322.005781 
322.005781 
322.005781 
322.005781 
322.005781 
322.005781 
322.005781 
322.005781 
322.005781 
322.005781 
322.005781 
322.005781 
322.005781 
322.005781 
322.005781 
322.005781 
322.005781 
322.005781 
322.005782 
322.005782 
322.005782 
322.005782 
322.005783 
322.005783 
322.005784 
322.005785 
322.005786 
322.005787 
322.005788 
322.005790 
322.005792 
322.005795 
322.005799 
322.005803 
322.005809 
322.005816 
322.005824 
322.005835 
322.005849 
322.005866 
322.005888 
322.005914 
322.005947 
322.005987 
322.057036 
322.057036 
322.057036 
322.057036 
322.057036 
322.057036 
322.057036 
322.057036 
322.057036 
322.057036 
322.057036 
322.057036 
322.057036 
322.057036 
322.057036 
322.057036 
322.057036 
322.057036 
322.057036 
322.057036 
322.057036 
322.057036 
322.057036 
322.057037 
322.057037 
322.057037 
322.057037 
322.057037 
322.057038 
322.057038 
322.057039 
322.057040 
322.057041 
322.057042 
322.057043 
322.057045 
322.057047 
322.057050 
322.057054 
322.057059 
322.057064 
322.057071 
322.057080 
322.057091 
322.057105 
322.057123 
322.057145 
322.057172 
322.057206 
322.057247 
322.108291 
322.108291 
322.108291 
322.108291 
322.108291 
322.108291 
322.108291 
322.108291 
322.108291 
322.108291 
322.108291 
322.108291 
322.108291 
322.108291 
322.108291 
322.108291 
322.108291 
322.108291 
322.108291 
322.108291 
322.108291 
322.108291 
322.108291 
322.108292 
322.108292 
322.108292 
322.108292 
322.108292 
322.108293 
322.108293 
322.108294 
322.108295 
322.108296 
322.108297 
322.108298 
322.108300 
322.108302 
322.108305 
322.108309 
322.108314 
322.108320 
322.108327 
322.108336 
322.108347 
322.108361 
322.108380 
322.108403 
322.108431 
322.108466 
322.108509 
322.159546 
322.159546 
322.159546 
322.159546 
322.159546 
322.159546 
322.159546 
322.159546 
322.159546 
322.159546 
322.159546 
322.159546 
322.159546 
322.159546 
322.159546 
322.159546 
322.159546 
322.159546 
322.159546 
322.159546 
322.159546 
322.159546 
322.159547 
322.159547 
322.159547 
322.159547 
322.159547 
322.159548 
322.159548 
322.159548 
322.159549 
322.159550 
322.159551 
322.159552 
322.159553 
322.159555 
322.159558 
322.159561 
322.159564 
322.159569 
322.159575 
322.159583 
322.159592 
322.159603 
322.159618 
322.159637 
322.159661 
322.159691 
322.159727 
322.159772 
322.210801 
322.210801 
322.210801 
322.210801 
322.210801 
322.210801 
322.210801 
322.210801 
322.210801 
322.210801 
322.210801 
322.210801 
322.210801 
322.210801 
322.210801 
322.210801 
322.210801 
322.210801 
322.210801 
322.210801 
322.210801 
322.210802 
322.210802 
322.210802 
322.210802 
322.210802 
322.210802 
322.210803 
322.210803 
322.210804 
322.210804 
322.210805 
322.210806 
322.210807 
322.210808 
322.210810 
322.210813 
322.210816 
322.210820 
322.210825 
322.210831 
322.210838 
322.210847 
322.210859 
322.210875 
322.210895 
322.210919 
322.210950 
322.210988 
322.211036 
322.262056 
322.262056 
322.262056 
322.262056 
322.262056 
322.262056 
322.262056 
322.262056 
322.262056 
322.262056 
322.262056 
322.262056 
322.262056 
322.262056 
322.262056 
322.262056 
322.262056 
322.262056 
322.262056 
322.262056 
322.262056 
322.262057 
322.262057 
322.262057 
322.262057 
322.262057 
322.262057 
322.262058 
322.262058 
322.262059 
322.262059 
322.262060 
322.262061 
322.262062 
322.262064 
322.262065 
322.262068 
322.262071 
322.262075 
322.262080 
322.262086 
322.262094 
322.262103 
322.262115 
322.262131 
322.262152 
322.262178 
322.262210 
322.262250 
322.262299 
322.313311 
322.313311 
322.313311 
322.313311 
322.313311 
322.313311 
322.313311 
322.313311 
322.313311 
322.313311 
322.313311 
322.313311 
322.313311 
322.313311 
322.313311 
322.313311 
322.313311 
322.313311 
322.313311 
322.313311 
322.313312 
322.313312 
322.313312 
322.313312 
322.313312 
322.313312 
322.313312 
322.313313 
322.313313 
322.313314 
322.313314 
322.313315 
322.313316 
322.313317 
322.313319 
322.313320 
322.313323 
322.313326 
322.313330 
322.313335 
322.313341 
322.313349 
322.313359 
322.313371 
322.313388 
322.313409 
322.313435 
322.313469 
322.313510 
322.313562 
322.364566 
322.364566 
322.364566 
322.364566 
322.364566 
322.364566 
322.364566 
322.364566 
322.364566 
322.364566 
322.364566 
322.364566 
322.364566 
322.364566 
322.364566 
322.364566 
322.364566 
322.364566 
322.364567 
322.364567 
322.364567 
322.364567 
322.364567 
322.364567 
322.364567 
322.364567 
322.364567 
322.364568 
322.364568 
322.364569 
322.364569 
322.364570 
322.364571 
322.364572 
322.364574 
322.364575 
322.364578 
322.364581 
322.364585 
322.364590 
322.364596 
322.364604 
322.364614 
322.364627 
322.364643 
322.364665 
322.364692 
322.364727 
322.364769 
322.364822 
322.415821 
322.415821 
322.415821 
322.415821 
322.415821 
322.415821 
322.415821 
322.415821 
322.415821 
322.415821 
322.415821 
322.415821 
322.415821 
322.415821 
322.415821 
322.415821 
322.415821 
322.415822 
322.415822 
322.415822 
322.415822 
322.415822 
322.415822 
322.415822 
322.415822 
322.415822 
322.415822 
322.415823 
322.415823 
322.415824 
322.415824 
322.415825 
322.415826 
322.415827 
322.415828 
322.415830 
322.415833 
322.415836 
322.415840 
322.415845 
322.415851 
322.415859 
322.415869 
322.415881 
322.415898 
322.415920 
322.415948 
322.415983 
322.416026 
322.416080 
322.467076 
322.467076 
322.467076 
322.467076 
322.467076 
322.467076 
322.467076 
322.467076 
322.467076 
322.467076 
322.467076 
322.467076 
322.467076 
322.467077 
322.467077 
322.467077 
322.467077 
322.467077 
322.467077 
322.467077 
322.467077 
322.467077 
322.467077 
322.467077 
322.467077 
322.467077 
322.467078 
322.467078 
322.467078 
322.467079 
322.467079 
322.467080 
322.467081 
322.467082 
322.467083 
322.467085 
322.467087 
322.467091 
322.467094 
322.467099 
322.467106 
322.467113 
322.467123 
322.467136 
322.467152 
322.467174 
322.467202 
322.467237 
322.467280 
322.467335 
322.518332 
322.518332 
322.518332 
322.518332 
322.518332 
322.518332 
322.518332 
322.518332 
322.518332 
322.518332 
322.518332 
322.518332 
322.518332 
322.518332 
322.518332 
322.518332 
322.518332 
322.518332 
322.518332 
322.518332 
322.518332 
322.518332 
322.518332 
322.518332 
322.518332 
322.518332 
322.518333 
322.518333 
322.518333 
322.518334 
322.518334 
322.518335 
322.518336 
322.518337 
322.518338 
322.518340 
322.518342 
322.518345 
322.518349 
322.518354 
322.518360 
322.518367 
322.518377 
322.518389 
322.518405 
322.518427 
322.518454 
322.518488 
322.518531 
322.518585 
322.569587 
322.569587 
322.569587 
322.569587 
322.569587 
322.569587 
322.569587 
322.569587 
322.569587 
322.569587 
322.569587 
322.569587 
322.569587 
322.569587 
322.569587 
322.569587 
322.569587 
322.569587 
322.569587 
322.569587 
322.569587 
322.569587 
322.569587 
322.569587 
322.569587 
322.569587 
322.569588 
322.569588 
322.569588 
322.569589 
322.569589 
322.569590 
322.569591 
322.569592 
322.569593 
322.569594 
322.569597 
322.569599 
322.569603 
322.569608 
322.569614 
322.569621 
322.569630 
322.569642 
322.569657 
322.569678 
322.569704 
322.569738 
322.569779 
322.569831 
322.620842 
322.620842 
322.620842 
322.620842 
322.620842 
322.620842 
322.620842 
322.620842 
322.620842 
322.620842 
322.620842 
322.620842 
322.620842 
322.620842 
322.620842 
322.620842 
322.620842 
322.620842 
322.620842 
322.620842 
322.620842 
322.620842 
322.620842 
322.620842 
322.620842 
322.620842 
322.620843 
322.620843 
322.620843 
322.620844 
322.620844 
322.620845 
322.620845 
322.620846 
322.620847 
322.620849 
322.620851 
322.620854 
322.620857 
322.620861 
322.620867 
322.620874 
322.620882 
322.620893 
322.620908 
322.620928 
322.620952 
322.620984 
322.621023 
322.621073 
322.672097 
322.672097 
322.672097 
322.672097 
322.672097 
322.672097 
322.672097 
322.672097 
322.672097 
322.672097 
322.672097 
322.672097 
322.672097 
322.672097 
322.672097 
322.672097 
322.672097 
322.672097 
322.672097 
322.672097 
322.672097 
322.672097 
322.672097 
322.672097 
322.672097 
322.672097 
322.672098 
322.672098 
322.672098 
322.672098 
322.672099 
322.672099 
322.672100 
322.672101 
322.672102 
322.672103 
322.672105 
322.672108 
322.672111 
322.672115 
322.672120 
322.672126 
322.672134 
322.672144 
322.672158 
322.672176 
322.672199 
322.672227 
322.672263 
322.672309 
