322.311836 
322.295901 
322.278241 
322.265567 
322.258569 
322.241556 
322.252886 
322.252886 
322.252916 
322.252935 
322.252949 
322.252959 
322.252969 
322.252983 
322.253003 
322.253033 
322.253077 
322.253136 
322.253215 
322.253317 
322.253445 
322.253602 
322.253798 
322.254047 
322.254366 
322.254772 
322.255279 
322.255912 
322.256714 
322.257731 
322.259014 
322.260610 
322.262603 
322.265105 
322.268226 
322.272086 
322.276852 
322.282722 
322.289896 
322.298584 
322.309014 
322.321404 
322.335851 
322.352373 
322.370731 
322.390277 
322.409841 
322.427414 
322.440011 
322.443765 
322.401247 
322.386683 
322.363897 
322.341060 
322.330319 
322.331091 
322.304672 
322.304672 
322.304701 
322.304721 
322.304734 
322.304744 
322.304755 
322.304768 
322.304788 
322.304818 
322.304861 
322.304920 
322.304999 
322.305100 
322.305227 
322.305384 
322.305579 
322.305827 
322.306145 
322.306549 
322.307056 
322.307688 
322.308490 
322.309510 
322.310797 
322.312401 
322.314408 
322.316934 
322.320096 
322.324018 
322.328883 
322.334910 
322.342317 
322.351360 
322.362329 
322.375516 
322.391149 
322.409415 
322.430308 
322.453506 
322.478224 
322.502904 
322.524891 
322.540225 
322.532631 
322.526270 
322.499230 
322.455863 
322.423318 
322.435288 
322.356457 
322.356457 
322.356486 
322.356506 
322.356519 
322.356529 
322.356539 
322.356552 
322.356572 
322.356601 
322.356644 
322.356702 
322.356779 
322.356879 
322.357005 
322.357160 
322.357352 
322.357598 
322.357914 
322.358315 
322.358819 
322.359448 
322.360248 
322.361268 
322.362559 
322.364173 
322.366200 
322.368765 
322.371994 
322.376020 
322.381054 
322.387352 
322.395172 
322.404846 
322.416786 
322.431416 
322.449212 
322.470683 
322.496267 
322.526286 
322.560746 
322.599080 
322.639578 
322.678752 
322.711598 
322.730357 
322.714480 
322.650288 
322.559908 
322.538133 
322.408243 
322.408243 
322.408271 
322.408290 
322.408303 
322.408313 
322.408322 
322.408335 
322.408354 
322.408383 
322.408424 
322.408481 
322.408557 
322.408655 
322.408778 
322.408930 
322.409118 
322.409360 
322.409671 
322.410067 
322.410564 
322.411187 
322.411981 
322.412999 
322.414290 
322.415910 
322.417956 
322.420561 
322.423864 
322.428010 
322.433247 
322.439876 
322.448208 
322.458674 
322.471845 
322.488322 
322.508912 
322.534558 
322.566317 
322.605425 
322.653082 
322.710344 
322.777439 
322.852848 
322.939062 
323.011586 
323.045804 
322.995519 
322.823904 
322.653972 
322.460028 
322.460028 
322.460055 
322.460074 
322.460086 
322.460096 
322.460105 
322.460117 
322.460136 
322.460163 
322.460203 
322.460258 
322.460331 
322.460426 
322.460546 
322.460693 
322.460876 
322.461112 
322.461415 
322.461802 
322.462290 
322.462901 
322.463684 
322.464691 
322.465974 
322.467590 
322.469641 
322.472273 
322.475635 
322.479884 
322.485306 
322.492254 
322.501090 
322.512354 
322.526791 
322.545191 
322.568735 
322.598853 
322.637320 
322.686466 
322.749010 
322.828218 
322.927427 
323.049256 
323.204431 
323.366428 
323.513809 
323.573563 
323.397982 
322.904773 
322.511812 
322.511812 
322.511839 
322.511857 
322.511869 
322.511878 
322.511886 
322.511898 
322.511915 
322.511942 
322.511980 
322.512032 
322.512103 
322.512194 
322.512308 
322.512450 
322.512626 
322.512852 
322.513145 
322.513520 
322.513992 
322.514586 
322.515348 
322.516334 
322.517595 
322.519188 
322.521221 
322.523849 
322.527227 
322.531527 
322.537063 
322.544235 
322.553451 
322.565349 
322.580833 
322.600869 
322.626992 
322.661098 
322.705680 
322.764187 
322.840984 
322.941878 
323.074201 
323.246690 
323.480956 
323.762471 
324.092156 
324.412409 
324.509421 
323.780138 
322.563597 
322.563597 
322.563622 
322.563639 
322.563650 
322.563659 
322.563667 
322.563678 
322.563694 
322.563719 
322.563754 
322.563804 
322.563871 
322.563957 
322.564065 
322.564199 
322.564366 
322.564582 
322.564860 
322.565217 
322.565669 
322.566236 
322.566969 
322.567918 
322.569138 
322.570683 
322.572664 
322.575239 
322.578570 
322.582831 
322.588361 
322.595586 
322.604948 
322.617153 
322.633222 
322.654254 
322.682055 
322.718893 
322.767846 
322.833310 
322.921125 
323.039480 
323.199779 
323.417579 
323.726815 
324.134616 
324.684446 
325.398119 
326.186052 
326.240618 
322.615381 
322.615381 
322.615405 
322.615421 
322.615431 
322.615439 
322.615446 
322.615456 
322.615471 
322.615494 
322.615527 
322.615574 
322.615636 
322.615716 
322.615817 
322.615942 
322.616098 
322.616299 
322.616559 
322.616894 
322.617317 
322.617851 
322.618540 
322.619437 
322.620592 
322.622058 
322.623945 
322.626408 
322.629607 
322.633716 
322.639077 
322.646126 
322.655310 
322.667367 
322.683366 
322.704465 
322.732615 
322.770275 
322.820865 
322.889351 
322.982528 
323.110220 
323.286847 
323.533399 
323.893910 
324.397703 
325.135208 
326.242827 
327.948310 
330.434282 
322.667165 
322.667165 
322.667187 
322.667202 
322.667211 
322.667218 
322.667225 
322.667234 
322.667248 
322.667268 
322.667299 
322.667341 
322.667397 
322.667471 
322.667563 
322.667677 
322.667820 
322.668004 
322.668243 
322.668549 
322.668938 
322.669428 
322.670062 
322.670888 
322.671952 
322.673306 
322.675052 
322.677336 
322.680310 
322.684137 
322.689145 
322.695752 
322.704386 
322.715761 
322.730918 
322.750985 
322.777884 
322.814050 
322.862900 
322.929445 
323.020636 
323.146674 
323.322902 
323.572307 
323.942562 
324.475032 
325.286021 
326.587552 
328.872098 
333.714322 
353.150000 
321.954526 
321.954526 
321.954526 
321.954526 
321.954526 
321.954526 
321.954526 
321.954526 
321.954526 
321.954526 
321.954526 
321.954526 
321.954526 
321.954526 
321.954526 
321.954526 
321.954526 
321.954526 
321.954526 
321.954526 
321.954526 
321.954526 
321.954526 
321.954526 
321.954527 
321.954527 
321.954527 
321.954527 
321.954528 
321.954528 
321.954529 
321.954530 
321.954530 
321.954532 
321.954533 
321.954535 
321.954537 
321.954540 
321.954543 
321.954548 
321.954554 
321.954561 
321.954569 
321.954580 
321.954593 
321.954610 
321.954632 
321.954658 
321.954690 
321.954729 
322.005781 
322.005781 
322.005781 
322.005781 
322.005781 
322.005781 
322.005781 
322.005781 
322.005781 
322.005781 
322.005781 
322.005781 
322.005781 
322.005781 
322.005781 
322.005781 
322.005781 
322.005781 
322.005781 
322.005781 
322.005781 
322.005781 
322.005781 
322.005781 
322.005782 
322.005782 
322.005782 
322.005782 
322.005783 
322.005783 
322.005784 
322.005785 
322.005786 
322.005787 
322.005788 
322.005790 
322.005792 
322.005795 
322.005799 
322.005803 
322.005809 
322.005816 
322.005824 
322.005835 
322.005849 
322.005866 
322.005888 
322.005914 
322.005947 
322.005987 
322.057036 
322.057036 
322.057036 
322.057036 
322.057036 
322.057036 
322.057036 
322.057036 
322.057036 
322.057036 
322.057036 
322.057036 
322.057036 
322.057036 
322.057036 
322.057036 
322.057036 
322.057036 
322.057036 
322.057036 
322.057036 
322.057036 
322.057036 
322.057037 
322.057037 
322.057037 
322.057037 
322.057037 
322.057038 
322.057038 
322.057039 
322.057040 
322.057041 
322.057042 
322.057043 
322.057045 
322.057047 
322.057050 
322.057054 
322.057059 
322.057064 
322.057071 
322.057080 
322.057091 
322.057105 
322.057123 
322.057145 
322.057172 
322.057206 
322.057247 
322.108291 
322.108291 
322.108291 
322.108291 
322.108291 
322.108291 
322.108291 
322.108291 
322.108291 
322.108291 
322.108291 
322.108291 
322.108291 
322.108291 
322.108291 
322.108291 
322.108291 
322.108291 
322.108291 
322.108291 
322.108291 
322.108291 
322.108291 
322.108292 
322.108292 
322.108292 
322.108292 
322.108292 
322.108293 
322.108293 
322.108294 
322.108295 
322.108296 
322.108297 
322.108298 
322.108300 
322.108302 
322.108305 
322.108309 
322.108314 
322.108320 
322.108327 
322.108336 
322.108347 
322.108361 
322.108380 
322.108403 
322.108431 
322.108466 
322.108509 
322.159546 
322.159546 
322.159546 
322.159546 
322.159546 
322.159546 
322.159546 
322.159546 
322.159546 
322.159546 
322.159546 
322.159546 
322.159546 
322.159546 
322.159546 
322.159546 
322.159546 
322.159546 
322.159546 
322.159546 
322.159546 
322.159546 
322.159547 
322.159547 
322.159547 
322.159547 
322.159547 
322.159548 
322.159548 
322.159548 
322.159549 
322.159550 
322.159551 
322.159552 
322.159553 
322.159555 
322.159558 
322.159561 
322.159564 
322.159569 
322.159575 
322.159583 
322.159592 
322.159603 
322.159618 
322.159637 
322.159661 
322.159691 
322.159727 
322.159772 
322.210801 
322.210801 
322.210801 
322.210801 
322.210801 
322.210801 
322.210801 
322.210801 
322.210801 
322.210801 
322.210801 
322.210801 
322.210801 
322.210801 
322.210801 
322.210801 
322.210801 
322.210801 
322.210801 
322.210801 
322.210801 
322.210802 
322.210802 
322.210802 
322.210802 
322.210802 
322.210802 
322.210803 
322.210803 
322.210804 
322.210804 
322.210805 
322.210806 
322.210807 
322.210808 
322.210810 
322.210813 
322.210816 
322.210820 
322.210825 
322.210831 
322.210838 
322.210847 
322.210859 
322.210875 
322.210895 
322.210919 
322.210950 
322.210988 
322.211036 
322.262056 
322.262056 
322.262056 
322.262056 
322.262056 
322.262056 
322.262056 
322.262056 
322.262056 
322.262056 
322.262056 
322.262056 
322.262056 
322.262056 
322.262056 
322.262056 
322.262056 
322.262056 
322.262056 
322.262056 
322.262056 
322.262057 
322.262057 
322.262057 
322.262057 
322.262057 
322.262057 
322.262058 
322.262058 
322.262059 
322.262059 
322.262060 
322.262061 
322.262062 
322.262064 
322.262065 
322.262068 
322.262071 
322.262075 
322.262080 
322.262086 
322.262094 
322.262103 
322.262115 
322.262131 
322.262152 
322.262178 
322.262210 
322.262250 
322.262299 
322.313311 
322.313311 
322.313311 
322.313311 
322.313311 
322.313311 
322.313311 
322.313311 
322.313311 
322.313311 
322.313311 
322.313311 
322.313311 
322.313311 
322.313311 
322.313311 
322.313311 
322.313311 
322.313311 
322.313311 
322.313312 
322.313312 
322.313312 
322.313312 
322.313312 
322.313312 
322.313312 
322.313313 
322.313313 
322.313314 
322.313314 
322.313315 
322.313316 
322.313317 
322.313319 
322.313320 
322.313323 
322.313326 
322.313330 
322.313335 
322.313341 
322.313349 
322.313359 
322.313371 
322.313388 
322.313409 
322.313435 
322.313469 
322.313510 
322.313562 
322.364566 
322.364566 
322.364566 
322.364566 
322.364566 
322.364566 
322.364566 
322.364566 
322.364566 
322.364566 
322.364566 
322.364566 
322.364566 
322.364566 
322.364566 
322.364566 
322.364566 
322.364566 
322.364567 
322.364567 
322.364567 
322.364567 
322.364567 
322.364567 
322.364567 
322.364567 
322.364567 
322.364568 
322.364568 
322.364569 
322.364569 
322.364570 
322.364571 
322.364572 
322.364574 
322.364575 
322.364578 
322.364581 
322.364585 
322.364590 
322.364596 
322.364604 
322.364614 
322.364627 
322.364643 
322.364665 
322.364692 
322.364727 
322.364769 
322.364822 
322.415821 
322.415821 
322.415821 
322.415821 
322.415821 
322.415821 
322.415821 
322.415821 
322.415821 
322.415821 
322.415821 
322.415821 
322.415821 
322.415821 
322.415821 
322.415821 
322.415821 
322.415822 
322.415822 
322.415822 
322.415822 
322.415822 
322.415822 
322.415822 
322.415822 
322.415822 
322.415822 
322.415823 
322.415823 
322.415824 
322.415824 
322.415825 
322.415826 
322.415827 
322.415828 
322.415830 
322.415833 
322.415836 
322.415840 
322.415845 
322.415851 
322.415859 
322.415869 
322.415881 
322.415898 
322.415920 
322.415948 
322.415983 
322.416026 
322.416080 
322.467076 
322.467076 
322.467076 
322.467076 
322.467076 
322.467076 
322.467076 
322.467076 
322.467076 
322.467076 
322.467076 
322.467076 
322.467076 
322.467077 
322.467077 
322.467077 
322.467077 
322.467077 
322.467077 
322.467077 
322.467077 
322.467077 
322.467077 
322.467077 
322.467077 
322.467077 
322.467078 
322.467078 
322.467078 
322.467079 
322.467079 
322.467080 
322.467081 
322.467082 
322.467083 
322.467085 
322.467087 
322.467091 
322.467094 
322.467099 
322.467106 
322.467113 
322.467123 
322.467136 
322.467152 
322.467174 
322.467202 
322.467237 
322.467280 
322.467335 
322.518332 
322.518332 
322.518332 
322.518332 
322.518332 
322.518332 
322.518332 
322.518332 
322.518332 
322.518332 
322.518332 
322.518332 
322.518332 
322.518332 
322.518332 
322.518332 
322.518332 
322.518332 
322.518332 
322.518332 
322.518332 
322.518332 
322.518332 
322.518332 
322.518332 
322.518332 
322.518333 
322.518333 
322.518333 
322.518334 
322.518334 
322.518335 
322.518336 
322.518337 
322.518338 
322.518340 
322.518342 
322.518345 
322.518349 
322.518354 
322.518360 
322.518367 
322.518377 
322.518389 
322.518405 
322.518427 
322.518454 
322.518488 
322.518531 
322.518585 
322.569587 
322.569587 
322.569587 
322.569587 
322.569587 
322.569587 
322.569587 
322.569587 
322.569587 
322.569587 
322.569587 
322.569587 
322.569587 
322.569587 
322.569587 
322.569587 
322.569587 
322.569587 
322.569587 
322.569587 
322.569587 
322.569587 
322.569587 
322.569587 
322.569587 
322.569587 
322.569588 
322.569588 
322.569588 
322.569589 
322.569589 
322.569590 
322.569591 
322.569592 
322.569593 
322.569594 
322.569597 
322.569599 
322.569603 
322.569608 
322.569614 
322.569621 
322.569630 
322.569642 
322.569657 
322.569678 
322.569704 
322.569738 
322.569779 
322.569831 
322.620842 
322.620842 
322.620842 
322.620842 
322.620842 
322.620842 
322.620842 
322.620842 
322.620842 
322.620842 
322.620842 
322.620842 
322.620842 
322.620842 
322.620842 
322.620842 
322.620842 
322.620842 
322.620842 
322.620842 
322.620842 
322.620842 
322.620842 
322.620842 
322.620842 
322.620842 
322.620843 
322.620843 
322.620843 
322.620844 
322.620844 
322.620845 
322.620845 
322.620846 
322.620847 
322.620849 
322.620851 
322.620854 
322.620857 
322.620861 
322.620867 
322.620874 
322.620882 
322.620893 
322.620908 
322.620928 
322.620952 
322.620984 
322.621023 
322.621073 
322.672097 
322.672097 
322.672097 
322.672097 
322.672097 
322.672097 
322.672097 
322.672097 
322.672097 
322.672097 
322.672097 
322.672097 
322.672097 
322.672097 
322.672097 
322.672097 
322.672097 
322.672097 
322.672097 
322.672097 
322.672097 
322.672097 
322.672097 
322.672097 
322.672097 
322.672097 
322.672098 
322.672098 
322.672098 
322.672098 
322.672099 
322.672099 
322.672100 
322.672101 
322.672102 
322.672103 
322.672105 
322.672108 
322.672111 
322.672115 
322.672120 
322.672126 
322.672134 
322.672144 
322.672158 
322.672176 
322.672199 
322.672227 
322.672263 
322.672309 
