322.119170 
322.122344 
322.125957 
322.129986 
322.134394 
322.139055 
322.143786 
322.148334 
322.152333 
322.155398 
322.157132 
322.157331 
322.156122 
322.154183 
322.152629 
322.152203 
322.151524 
322.145203 
322.119729 
322.152754 
322.152754 
322.152778 
322.152794 
322.152806 
322.152815 
322.152825 
322.152837 
322.152856 
322.152882 
322.152919 
322.152969 
322.153034 
322.153118 
322.153223 
322.153352 
322.153510 
322.153709 
322.153961 
322.154277 
322.154669 
322.155153 
322.155756 
322.156508 
322.157441 
322.158584 
322.159984 
322.161699 
322.163788 
322.166311 
322.169336 
322.171461 
322.174920 
322.178915 
322.183455 
322.188534 
322.194064 
322.199901 
322.205814 
322.211436 
322.216321 
322.219918 
322.221731 
322.221471 
322.219393 
322.216617 
322.215031 
322.215948 
322.217504 
322.216451 
322.204362 
322.204362 
322.204386 
322.204402 
322.204414 
322.204423 
322.204433 
322.204445 
322.204463 
322.204489 
322.204526 
322.204576 
322.204642 
322.204726 
322.204831 
322.204960 
322.205119 
322.205319 
322.205573 
322.205892 
322.206289 
322.206778 
322.207389 
322.208155 
322.209106 
322.210275 
322.211712 
322.213482 
322.215649 
322.218279 
322.221456 
322.224430 
322.228434 
322.233164 
322.238692 
322.245080 
322.252321 
322.260360 
322.269038 
322.278021 
322.286801 
322.294601 
322.300415 
322.303137 
322.301965 
322.297326 
322.292188 
322.292472 
322.303437 
322.328173 
322.255970 
322.255970 
322.255994 
322.256010 
322.256021 
322.256031 
322.256040 
322.256052 
322.256070 
322.256096 
322.256133 
322.256183 
322.256249 
322.256333 
322.256438 
322.256568 
322.256728 
322.256930 
322.257186 
322.257510 
322.257913 
322.258412 
322.259039 
322.259827 
322.260812 
322.262028 
322.263533 
322.265402 
322.267711 
322.270541 
322.274001 
322.277948 
322.282717 
322.288486 
322.295423 
322.303696 
322.313435 
322.324746 
322.337623 
322.351872 
322.367029 
322.382175 
322.395777 
322.405654 
322.409155 
322.404358 
322.392892 
322.384317 
322.395494 
322.433394 
322.307577 
322.307577 
322.307601 
322.307618 
322.307629 
322.307638 
322.307647 
322.307659 
322.307677 
322.307702 
322.307738 
322.307788 
322.307854 
322.307938 
322.308044 
322.308174 
322.308335 
322.308539 
322.308799 
322.309128 
322.309539 
322.310051 
322.310696 
322.311514 
322.312542 
322.313820 
322.315414 
322.317415 
322.319915 
322.323011 
322.326852 
322.331827 
322.337521 
322.344557 
322.353233 
322.363858 
322.376768 
322.392316 
322.410774 
322.432275 
322.456634 
322.483106 
322.509945 
322.534061 
322.550525 
322.553042 
322.536941 
322.508068 
322.495635 
322.531082 
322.359184 
322.359184 
322.359209 
322.359225 
322.359236 
322.359245 
322.359254 
322.359265 
322.359282 
322.359307 
322.359343 
322.359392 
322.359458 
322.359542 
322.359648 
322.359777 
322.359938 
322.360144 
322.360407 
322.360742 
322.361161 
322.361684 
322.362350 
322.363199 
322.364274 
322.365619 
322.367311 
322.369460 
322.372174 
322.375572 
322.379849 
322.385833 
322.392531 
322.400956 
322.411568 
322.424845 
322.441399 
322.461924 
322.487121 
322.517694 
322.554097 
322.596306 
322.643127 
322.691474 
322.734871 
322.761971 
322.756613 
322.705953 
322.632213 
322.627170 
322.410791 
322.410791 
322.410816 
322.410832 
322.410843 
322.410851 
322.410860 
322.410871 
322.410887 
322.410912 
322.410947 
322.410995 
322.411060 
322.411143 
322.411248 
322.411377 
322.411537 
322.411743 
322.412008 
322.412346 
322.412771 
322.413304 
322.413987 
322.414864 
322.415982 
322.417388 
322.419174 
322.421465 
322.424390 
322.428087 
322.432800 
322.439698 
322.447382 
322.457191 
322.469761 
322.485761 
322.506134 
322.531995 
322.564620 
322.605537 
322.656259 
322.718185 
322.791838 
322.875915 
322.964961 
323.045402 
323.089562 
323.051580 
322.894327 
322.740314 
322.462398 
322.462398 
322.462422 
322.462439 
322.462449 
322.462457 
322.462465 
322.462475 
322.462491 
322.462515 
322.462549 
322.462596 
322.462659 
322.462741 
322.462844 
322.462971 
322.463130 
322.463334 
322.463598 
322.463936 
322.464363 
322.464901 
322.465592 
322.466488 
322.467637 
322.469090 
322.470949 
322.473356 
322.476455 
322.480406 
322.485496 
322.493139 
322.501686 
322.512727 
322.527073 
322.545587 
322.569568 
322.600590 
322.640602 
322.692146 
322.758158 
322.842132 
322.947607 
323.077381 
323.231263 
323.400785 
323.557550 
323.628771 
323.466820 
322.990205 
322.514005 
322.514005 
322.514029 
322.514044 
322.514055 
322.514062 
322.514069 
322.514079 
322.514094 
322.514116 
322.514149 
322.514195 
322.514256 
322.514335 
322.514436 
322.514559 
322.514714 
322.514914 
322.515173 
322.515507 
322.515930 
322.516464 
322.517155 
322.518054 
322.519214 
322.520688 
322.522585 
322.525060 
322.528270 
322.532388 
322.537741 
322.545890 
322.555070 
322.567038 
322.582762 
322.603274 
322.630207 
322.665574 
322.712000 
322.773088 
322.853367 
322.958813 
323.096939 
323.276687 
323.507634 
323.796310 
324.134951 
324.466296 
324.577029 
323.864971 
322.565612 
322.565612 
322.565634 
322.565649 
322.565659 
322.565666 
322.565673 
322.565682 
322.565696 
322.565717 
322.565748 
322.565791 
322.565850 
322.565926 
322.566021 
322.566140 
322.566288 
322.566481 
322.566732 
322.567056 
322.567466 
322.567986 
322.568662 
322.569547 
322.570691 
322.572151 
322.574039 
322.576517 
322.579748 
322.583915 
322.589365 
322.597722 
322.607208 
322.619664 
322.636163 
322.657864 
322.686652 
322.724886 
322.775748 
322.843754 
322.934873 
323.057448 
323.223064 
323.447515 
323.752591 
324.167196 
324.725637 
325.450230 
326.252128 
326.324544 
322.617218 
322.617218 
322.617240 
322.617254 
322.617263 
322.617269 
322.617275 
322.617284 
322.617296 
322.617316 
322.617345 
322.617386 
322.617440 
322.617511 
322.617601 
322.617713 
322.617853 
322.618034 
322.618272 
322.618579 
322.618969 
322.619463 
322.620109 
322.620955 
322.622054 
322.623460 
322.625283 
322.627686 
322.630831 
322.634900 
322.640246 
322.648474 
322.657869 
322.670265 
322.686779 
322.708620 
322.737800 
322.776854 
322.829286 
322.900161 
322.996386 
323.127930 
323.309399 
323.562037 
323.918209 
324.428406 
325.174126 
326.292379 
328.011789 
330.516135 
322.668824 
322.668824 
322.668844 
322.668857 
322.668865 
322.668871 
322.668877 
322.668884 
322.668896 
322.668914 
322.668940 
322.668977 
322.669028 
322.669093 
322.669175 
322.669278 
322.669406 
322.669574 
322.669792 
322.670075 
322.670436 
322.670893 
322.671490 
322.672276 
322.673297 
322.674604 
322.676303 
322.678547 
322.681490 
322.685304 
322.690327 
322.698068 
322.706938 
322.718671 
322.734349 
322.755143 
322.783030 
322.820505 
322.871058 
322.939784 
323.033738 
323.163254 
323.343858 
323.598781 
323.964898 
324.503269 
325.321896 
326.633428 
328.931257 
333.791532 
353.150000 
321.954526 
321.954526 
321.954526 
321.954526 
321.954526 
321.954526 
321.954526 
321.954526 
321.954526 
321.954526 
321.954526 
321.954526 
321.954526 
321.954526 
321.954526 
321.954526 
321.954526 
321.954526 
321.954526 
321.954526 
321.954526 
321.954526 
321.954526 
321.954526 
321.954527 
321.954527 
321.954527 
321.954527 
321.954528 
321.954528 
321.954529 
321.954530 
321.954530 
321.954532 
321.954533 
321.954535 
321.954537 
321.954540 
321.954543 
321.954548 
321.954554 
321.954561 
321.954569 
321.954580 
321.954593 
321.954610 
321.954632 
321.954658 
321.954690 
321.954729 
322.005781 
322.005781 
322.005781 
322.005781 
322.005781 
322.005781 
322.005781 
322.005781 
322.005781 
322.005781 
322.005781 
322.005781 
322.005781 
322.005781 
322.005781 
322.005781 
322.005781 
322.005781 
322.005781 
322.005781 
322.005781 
322.005781 
322.005781 
322.005781 
322.005782 
322.005782 
322.005782 
322.005782 
322.005783 
322.005783 
322.005784 
322.005785 
322.005786 
322.005787 
322.005788 
322.005790 
322.005792 
322.005795 
322.005799 
322.005803 
322.005809 
322.005816 
322.005824 
322.005835 
322.005849 
322.005866 
322.005888 
322.005914 
322.005947 
322.005987 
322.057036 
322.057036 
322.057036 
322.057036 
322.057036 
322.057036 
322.057036 
322.057036 
322.057036 
322.057036 
322.057036 
322.057036 
322.057036 
322.057036 
322.057036 
322.057036 
322.057036 
322.057036 
322.057036 
322.057036 
322.057036 
322.057036 
322.057036 
322.057037 
322.057037 
322.057037 
322.057037 
322.057037 
322.057038 
322.057038 
322.057039 
322.057040 
322.057041 
322.057042 
322.057043 
322.057045 
322.057047 
322.057050 
322.057054 
322.057059 
322.057064 
322.057071 
322.057080 
322.057091 
322.057105 
322.057123 
322.057145 
322.057172 
322.057206 
322.057247 
322.108291 
322.108291 
322.108291 
322.108291 
322.108291 
322.108291 
322.108291 
322.108291 
322.108291 
322.108291 
322.108291 
322.108291 
322.108291 
322.108291 
322.108291 
322.108291 
322.108291 
322.108291 
322.108291 
322.108291 
322.108291 
322.108291 
322.108291 
322.108292 
322.108292 
322.108292 
322.108292 
322.108292 
322.108293 
322.108293 
322.108294 
322.108295 
322.108296 
322.108297 
322.108298 
322.108300 
322.108302 
322.108305 
322.108309 
322.108314 
322.108320 
322.108327 
322.108336 
322.108347 
322.108361 
322.108380 
322.108403 
322.108431 
322.108466 
322.108509 
322.159546 
322.159546 
322.159546 
322.159546 
322.159546 
322.159546 
322.159546 
322.159546 
322.159546 
322.159546 
322.159546 
322.159546 
322.159546 
322.159546 
322.159546 
322.159546 
322.159546 
322.159546 
322.159546 
322.159546 
322.159546 
322.159546 
322.159547 
322.159547 
322.159547 
322.159547 
322.159547 
322.159548 
322.159548 
322.159548 
322.159549 
322.159550 
322.159551 
322.159552 
322.159553 
322.159555 
322.159558 
322.159561 
322.159564 
322.159569 
322.159575 
322.159583 
322.159592 
322.159603 
322.159618 
322.159637 
322.159661 
322.159691 
322.159727 
322.159772 
322.210801 
322.210801 
322.210801 
322.210801 
322.210801 
322.210801 
322.210801 
322.210801 
322.210801 
322.210801 
322.210801 
322.210801 
322.210801 
322.210801 
322.210801 
322.210801 
322.210801 
322.210801 
322.210801 
322.210801 
322.210801 
322.210802 
322.210802 
322.210802 
322.210802 
322.210802 
322.210802 
322.210803 
322.210803 
322.210804 
322.210804 
322.210805 
322.210806 
322.210807 
322.210808 
322.210810 
322.210813 
322.210816 
322.210820 
322.210825 
322.210831 
322.210838 
322.210847 
322.210859 
322.210875 
322.210895 
322.210919 
322.210950 
322.210988 
322.211036 
322.262056 
322.262056 
322.262056 
322.262056 
322.262056 
322.262056 
322.262056 
322.262056 
322.262056 
322.262056 
322.262056 
322.262056 
322.262056 
322.262056 
322.262056 
322.262056 
322.262056 
322.262056 
322.262056 
322.262056 
322.262056 
322.262057 
322.262057 
322.262057 
322.262057 
322.262057 
322.262057 
322.262058 
322.262058 
322.262059 
322.262059 
322.262060 
322.262061 
322.262062 
322.262064 
322.262065 
322.262068 
322.262071 
322.262075 
322.262080 
322.262086 
322.262094 
322.262103 
322.262115 
322.262131 
322.262152 
322.262178 
322.262210 
322.262250 
322.262299 
322.313311 
322.313311 
322.313311 
322.313311 
322.313311 
322.313311 
322.313311 
322.313311 
322.313311 
322.313311 
322.313311 
322.313311 
322.313311 
322.313311 
322.313311 
322.313311 
322.313311 
322.313311 
322.313311 
322.313311 
322.313312 
322.313312 
322.313312 
322.313312 
322.313312 
322.313312 
322.313312 
322.313313 
322.313313 
322.313314 
322.313314 
322.313315 
322.313316 
322.313317 
322.313319 
322.313320 
322.313323 
322.313326 
322.313330 
322.313335 
322.313341 
322.313349 
322.313359 
322.313371 
322.313388 
322.313409 
322.313435 
322.313469 
322.313510 
322.313562 
322.364566 
322.364566 
322.364566 
322.364566 
322.364566 
322.364566 
322.364566 
322.364566 
322.364566 
322.364566 
322.364566 
322.364566 
322.364566 
322.364566 
322.364566 
322.364566 
322.364566 
322.364566 
322.364567 
322.364567 
322.364567 
322.364567 
322.364567 
322.364567 
322.364567 
322.364567 
322.364567 
322.364568 
322.364568 
322.364569 
322.364569 
322.364570 
322.364571 
322.364572 
322.364574 
322.364575 
322.364578 
322.364581 
322.364585 
322.364590 
322.364596 
322.364604 
322.364614 
322.364627 
322.364643 
322.364665 
322.364692 
322.364727 
322.364769 
322.364822 
322.415821 
322.415821 
322.415821 
322.415821 
322.415821 
322.415821 
322.415821 
322.415821 
322.415821 
322.415821 
322.415821 
322.415821 
322.415821 
322.415821 
322.415821 
322.415821 
322.415821 
322.415822 
322.415822 
322.415822 
322.415822 
322.415822 
322.415822 
322.415822 
322.415822 
322.415822 
322.415822 
322.415823 
322.415823 
322.415824 
322.415824 
322.415825 
322.415826 
322.415827 
322.415828 
322.415830 
322.415833 
322.415836 
322.415840 
322.415845 
322.415851 
322.415859 
322.415869 
322.415881 
322.415898 
322.415920 
322.415948 
322.415983 
322.416026 
322.416080 
322.467076 
322.467076 
322.467076 
322.467076 
322.467076 
322.467076 
322.467076 
322.467076 
322.467076 
322.467076 
322.467076 
322.467076 
322.467076 
322.467077 
322.467077 
322.467077 
322.467077 
322.467077 
322.467077 
322.467077 
322.467077 
322.467077 
322.467077 
322.467077 
322.467077 
322.467077 
322.467078 
322.467078 
322.467078 
322.467079 
322.467079 
322.467080 
322.467081 
322.467082 
322.467083 
322.467085 
322.467087 
322.467091 
322.467094 
322.467099 
322.467106 
322.467113 
322.467123 
322.467136 
322.467152 
322.467174 
322.467202 
322.467237 
322.467280 
322.467335 
322.518332 
322.518332 
322.518332 
322.518332 
322.518332 
322.518332 
322.518332 
322.518332 
322.518332 
322.518332 
322.518332 
322.518332 
322.518332 
322.518332 
322.518332 
322.518332 
322.518332 
322.518332 
322.518332 
322.518332 
322.518332 
322.518332 
322.518332 
322.518332 
322.518332 
322.518332 
322.518333 
322.518333 
322.518333 
322.518334 
322.518334 
322.518335 
322.518336 
322.518337 
322.518338 
322.518340 
322.518342 
322.518345 
322.518349 
322.518354 
322.518360 
322.518367 
322.518377 
322.518389 
322.518405 
322.518427 
322.518454 
322.518488 
322.518531 
322.518585 
322.569587 
322.569587 
322.569587 
322.569587 
322.569587 
322.569587 
322.569587 
322.569587 
322.569587 
322.569587 
322.569587 
322.569587 
322.569587 
322.569587 
322.569587 
322.569587 
322.569587 
322.569587 
322.569587 
322.569587 
322.569587 
322.569587 
322.569587 
322.569587 
322.569587 
322.569587 
322.569588 
322.569588 
322.569588 
322.569589 
322.569589 
322.569590 
322.569591 
322.569592 
322.569593 
322.569594 
322.569597 
322.569599 
322.569603 
322.569608 
322.569614 
322.569621 
322.569630 
322.569642 
322.569657 
322.569678 
322.569704 
322.569738 
322.569779 
322.569831 
322.620842 
322.620842 
322.620842 
322.620842 
322.620842 
322.620842 
322.620842 
322.620842 
322.620842 
322.620842 
322.620842 
322.620842 
322.620842 
322.620842 
322.620842 
322.620842 
322.620842 
322.620842 
322.620842 
322.620842 
322.620842 
322.620842 
322.620842 
322.620842 
322.620842 
322.620842 
322.620843 
322.620843 
322.620843 
322.620844 
322.620844 
322.620845 
322.620845 
322.620846 
322.620847 
322.620849 
322.620851 
322.620854 
322.620857 
322.620861 
322.620867 
322.620874 
322.620882 
322.620893 
322.620908 
322.620928 
322.620952 
322.620984 
322.621023 
322.621073 
322.672097 
322.672097 
322.672097 
322.672097 
322.672097 
322.672097 
322.672097 
322.672097 
322.672097 
322.672097 
322.672097 
322.672097 
322.672097 
322.672097 
322.672097 
322.672097 
322.672097 
322.672097 
322.672097 
322.672097 
322.672097 
322.672097 
322.672097 
322.672097 
322.672097 
322.672097 
322.672098 
322.672098 
322.672098 
322.672098 
322.672099 
322.672099 
322.672100 
322.672101 
322.672102 
322.672103 
322.672105 
322.672108 
322.672111 
322.672115 
322.672120 
322.672126 
322.672134 
322.672144 
322.672158 
322.672176 
322.672199 
322.672227 
322.672263 
322.672309 
