322.303814 
322.303986 
322.304200 
322.304474 
322.304827 
322.305276 
322.305842 
322.306550 
322.307453 
322.308608 
322.310073 
322.311908 
322.314218 
322.317147 
322.320842 
322.325456 
322.331230 
322.338452 
322.347413 
322.358468 
322.372040 
322.388554 
322.408392 
322.431906 
322.459204 
322.489989 
322.523296 
322.557018 
322.587287 
322.608072 
322.610788 
322.585791 
322.527776 
322.448077 
322.384828 
322.360570 
322.353711 
322.353711 
322.353747 
322.353770 
322.353785 
322.353796 
322.353807 
322.353822 
322.353844 
322.353878 
322.353927 
322.353996 
322.354088 
322.354207 
322.355684 
322.355855 
322.356067 
322.356339 
322.356689 
322.357136 
322.357698 
322.358401 
322.359299 
322.360449 
322.361908 
322.363739 
322.366046 
322.368977 
322.372681 
322.377317 
322.383135 
322.390442 
322.399546 
322.410840 
322.424813 
322.441959 
322.462808 
322.487908 
322.517662 
322.552231 
322.591277 
322.633579 
322.676369 
322.714707 
322.740357 
322.741177 
322.702327 
322.614352 
322.500318 
322.445685 
322.405676 
322.405676 
322.405711 
322.405734 
322.405749 
322.405760 
322.405771 
322.405786 
322.405807 
322.405841 
322.405890 
322.405958 
322.406049 
322.406167 
322.407548 
322.407715 
322.407923 
322.408190 
322.408535 
322.408974 
322.409528 
322.410221 
322.411107 
322.412243 
322.413689 
322.415503 
322.417797 
322.420721 
322.424430 
322.429088 
322.434968 
322.442405 
322.451738 
322.463429 
322.478081 
322.496317 
322.518935 
322.546837 
322.580971 
322.622347 
322.671811 
322.729864 
322.796016 
322.867968 
322.939615 
322.997514 
323.015034 
322.947251 
322.755871 
322.562874 
322.457641 
322.457641 
322.457675 
322.457698 
322.457712 
322.457723 
322.457733 
322.457748 
322.457769 
322.457801 
322.457849 
322.457915 
322.458004 
322.458120 
322.459405 
322.459567 
322.459769 
322.460029 
322.460364 
322.460792 
322.461331 
322.462008 
322.462874 
322.463987 
322.465406 
322.467192 
322.469455 
322.472355 
322.476050 
322.480711 
322.486637 
322.494197 
322.503769 
322.515900 
322.531333 
322.550855 
322.575596 
322.606913 
322.646453 
322.696329 
322.758976 
322.837279 
322.934180 
323.051983 
323.190284 
323.340758 
323.475256 
323.520658 
323.328385 
322.817399 
322.509605 
322.509605 
322.509638 
322.509660 
322.509674 
322.509684 
322.509694 
322.509708 
322.509728 
322.509760 
322.509805 
322.509869 
322.509955 
322.510066 
322.511255 
322.511411 
322.511605 
322.511854 
322.512176 
322.512588 
322.513108 
322.513760 
322.514597 
322.515675 
322.517053 
322.518791 
322.521001 
322.523847 
322.527490 
322.532109 
322.538023 
322.545637 
322.555362 
322.567829 
322.583922 
322.604584 
322.631291 
322.665856 
322.710657 
322.768971 
322.844972 
322.944244 
323.073943 
323.242729 
323.460011 
323.732178 
324.051104 
324.358726 
324.440839 
323.694585 
322.561569 
322.561569 
322.561600 
322.561621 
322.561634 
322.561644 
322.561654 
322.561666 
322.561686 
322.561716 
322.561759 
322.561819 
322.561901 
322.562006 
322.563099 
322.563246 
322.563430 
322.563666 
322.563971 
322.564363 
322.564856 
322.565476 
322.566273 
322.567303 
322.568622 
322.570288 
322.572415 
322.575165 
322.578702 
322.583205 
322.589010 
322.596542 
322.606236 
322.618785 
322.635181 
322.656490 
322.684464 
322.721293 
322.769966 
322.834762 
322.921403 
323.037970 
323.195802 
323.410454 
323.703456 
324.103304 
324.643610 
325.345656 
326.119336 
326.156213 
322.613533 
322.613533 
322.613562 
322.613581 
322.613593 
322.613603 
322.613611 
322.613623 
322.613641 
322.613669 
322.613710 
322.613766 
322.613842 
322.613940 
322.614937 
322.615074 
322.615245 
322.615465 
322.615750 
322.616115 
322.616575 
322.617155 
322.617902 
322.618868 
322.620107 
322.621675 
322.623682 
322.626286 
322.629646 
322.633939 
322.639501 
322.646760 
322.656155 
322.668406 
322.684550 
322.705715 
322.733797 
322.771197 
322.821266 
322.888896 
322.980816 
323.106802 
323.281255 
323.525166 
323.870547 
324.367331 
325.096175 
326.192890 
327.884399 
330.351981 
322.665496 
322.665496 
322.665523 
322.665540 
322.665552 
322.665560 
322.665568 
322.665579 
322.665595 
322.665621 
322.665658 
322.665709 
322.665778 
322.665868 
322.666769 
322.666894 
322.667050 
322.667251 
322.667512 
322.667846 
322.668267 
322.668798 
322.669482 
322.670368 
322.671506 
322.672948 
322.674795 
322.677197 
322.680302 
322.684277 
322.689441 
322.696203 
322.704981 
322.716472 
322.731686 
322.751722 
322.778456 
322.814272 
322.862538 
322.928211 
323.018205 
323.142699 
323.317027 
323.564165 
323.920602 
324.446807 
325.249921 
326.541350 
328.812594 
333.636684 
353.150000 
321.954526 
321.954526 
321.954526 
321.954526 
321.954526 
321.954526 
321.954526 
321.954526 
321.954526 
321.954526 
321.954526 
321.954526 
321.954526 
321.954526 
321.954526 
321.954526 
321.954526 
321.954526 
321.954526 
321.954526 
321.954526 
321.954526 
321.954526 
321.954526 
321.954527 
321.954527 
321.954527 
321.954527 
321.954528 
321.954528 
321.954529 
321.954530 
321.954530 
321.954532 
321.954533 
321.954535 
321.954537 
321.954540 
321.954543 
321.954548 
321.954554 
321.954561 
321.954569 
321.954580 
321.954593 
321.954610 
321.954632 
321.954658 
321.954690 
321.954729 
322.005781 
322.005781 
322.005781 
322.005781 
322.005781 
322.005781 
322.005781 
322.005781 
322.005781 
322.005781 
322.005781 
322.005781 
322.005781 
322.005781 
322.005781 
322.005781 
322.005781 
322.005781 
322.005781 
322.005781 
322.005781 
322.005781 
322.005781 
322.005781 
322.005782 
322.005782 
322.005782 
322.005782 
322.005783 
322.005783 
322.005784 
322.005785 
322.005786 
322.005787 
322.005788 
322.005790 
322.005792 
322.005795 
322.005799 
322.005803 
322.005809 
322.005816 
322.005824 
322.005835 
322.005849 
322.005866 
322.005888 
322.005914 
322.005947 
322.005987 
322.057036 
322.057036 
322.057036 
322.057036 
322.057036 
322.057036 
322.057036 
322.057036 
322.057036 
322.057036 
322.057036 
322.057036 
322.057036 
322.057036 
322.057036 
322.057036 
322.057036 
322.057036 
322.057036 
322.057036 
322.057036 
322.057036 
322.057036 
322.057037 
322.057037 
322.057037 
322.057037 
322.057037 
322.057038 
322.057038 
322.057039 
322.057040 
322.057041 
322.057042 
322.057043 
322.057045 
322.057047 
322.057050 
322.057054 
322.057059 
322.057064 
322.057071 
322.057080 
322.057091 
322.057105 
322.057123 
322.057145 
322.057172 
322.057206 
322.057247 
322.108291 
322.108291 
322.108291 
322.108291 
322.108291 
322.108291 
322.108291 
322.108291 
322.108291 
322.108291 
322.108291 
322.108291 
322.108291 
322.108291 
322.108291 
322.108291 
322.108291 
322.108291 
322.108291 
322.108291 
322.108291 
322.108291 
322.108291 
322.108292 
322.108292 
322.108292 
322.108292 
322.108292 
322.108293 
322.108293 
322.108294 
322.108295 
322.108296 
322.108297 
322.108298 
322.108300 
322.108302 
322.108305 
322.108309 
322.108314 
322.108320 
322.108327 
322.108336 
322.108347 
322.108361 
322.108380 
322.108403 
322.108431 
322.108466 
322.108509 
322.159546 
322.159546 
322.159546 
322.159546 
322.159546 
322.159546 
322.159546 
322.159546 
322.159546 
322.159546 
322.159546 
322.159546 
322.159546 
322.159546 
322.159546 
322.159546 
322.159546 
322.159546 
322.159546 
322.159546 
322.159546 
322.159546 
322.159547 
322.159547 
322.159547 
322.159547 
322.159547 
322.159548 
322.159548 
322.159548 
322.159549 
322.159550 
322.159551 
322.159552 
322.159553 
322.159555 
322.159558 
322.159561 
322.159564 
322.159569 
322.159575 
322.159583 
322.159592 
322.159603 
322.159618 
322.159637 
322.159661 
322.159691 
322.159727 
322.159772 
322.210801 
322.210801 
322.210801 
322.210801 
322.210801 
322.210801 
322.210801 
322.210801 
322.210801 
322.210801 
322.210801 
322.210801 
322.210801 
322.210801 
322.210801 
322.210801 
322.210801 
322.210801 
322.210801 
322.210801 
322.210801 
322.210802 
322.210802 
322.210802 
322.210802 
322.210802 
322.210802 
322.210803 
322.210803 
322.210804 
322.210804 
322.210805 
322.210806 
322.210807 
322.210808 
322.210810 
322.210813 
322.210816 
322.210820 
322.210825 
322.210831 
322.210838 
322.210847 
322.210859 
322.210875 
322.210895 
322.210919 
322.210950 
322.210988 
322.211036 
322.262056 
322.262056 
322.262056 
322.262056 
322.262056 
322.262056 
322.262056 
322.262056 
322.262056 
322.262056 
322.262056 
322.262056 
322.262056 
322.262056 
322.262056 
322.262056 
322.262056 
322.262056 
322.262056 
322.262056 
322.262056 
322.262057 
322.262057 
322.262057 
322.262057 
322.262057 
322.262057 
322.262058 
322.262058 
322.262059 
322.262059 
322.262060 
322.262061 
322.262062 
322.262064 
322.262065 
322.262068 
322.262071 
322.262075 
322.262080 
322.262086 
322.262094 
322.262103 
322.262115 
322.262131 
322.262152 
322.262178 
322.262210 
322.262250 
322.262299 
322.313311 
322.313311 
322.313311 
322.313311 
322.313311 
322.313311 
322.313311 
322.313311 
322.313311 
322.313311 
322.313311 
322.313311 
322.313311 
322.313311 
322.313311 
322.313311 
322.313311 
322.313311 
322.313311 
322.313311 
322.313312 
322.313312 
322.313312 
322.313312 
322.313312 
322.313312 
322.313312 
322.313313 
322.313313 
322.313314 
322.313314 
322.313315 
322.313316 
322.313317 
322.313319 
322.313320 
322.313323 
322.313326 
322.313330 
322.313335 
322.313341 
322.313349 
322.313359 
322.313371 
322.313388 
322.313409 
322.313435 
322.313469 
322.313510 
322.313562 
322.364566 
322.364566 
322.364566 
322.364566 
322.364566 
322.364566 
322.364566 
322.364566 
322.364566 
322.364566 
322.364566 
322.364566 
322.364566 
322.364566 
322.364566 
322.364566 
322.364566 
322.364566 
322.364567 
322.364567 
322.364567 
322.364567 
322.364567 
322.364567 
322.364567 
322.364567 
322.364567 
322.364568 
322.364568 
322.364569 
322.364569 
322.364570 
322.364571 
322.364572 
322.364574 
322.364575 
322.364578 
322.364581 
322.364585 
322.364590 
322.364596 
322.364604 
322.364614 
322.364627 
322.364643 
322.364665 
322.364692 
322.364727 
322.364769 
322.364822 
322.415821 
322.415821 
322.415821 
322.415821 
322.415821 
322.415821 
322.415821 
322.415821 
322.415821 
322.415821 
322.415821 
322.415821 
322.415821 
322.415821 
322.415821 
322.415821 
322.415821 
322.415822 
322.415822 
322.415822 
322.415822 
322.415822 
322.415822 
322.415822 
322.415822 
322.415822 
322.415822 
322.415823 
322.415823 
322.415824 
322.415824 
322.415825 
322.415826 
322.415827 
322.415828 
322.415830 
322.415833 
322.415836 
322.415840 
322.415845 
322.415851 
322.415859 
322.415869 
322.415881 
322.415898 
322.415920 
322.415948 
322.415983 
322.416026 
322.416080 
322.467076 
322.467076 
322.467076 
322.467076 
322.467076 
322.467076 
322.467076 
322.467076 
322.467076 
322.467076 
322.467076 
322.467076 
322.467076 
322.467077 
322.467077 
322.467077 
322.467077 
322.467077 
322.467077 
322.467077 
322.467077 
322.467077 
322.467077 
322.467077 
322.467077 
322.467077 
322.467078 
322.467078 
322.467078 
322.467079 
322.467079 
322.467080 
322.467081 
322.467082 
322.467083 
322.467085 
322.467087 
322.467091 
322.467094 
322.467099 
322.467106 
322.467113 
322.467123 
322.467136 
322.467152 
322.467174 
322.467202 
322.467237 
322.467280 
322.467335 
322.518332 
322.518332 
322.518332 
322.518332 
322.518332 
322.518332 
322.518332 
322.518332 
322.518332 
322.518332 
322.518332 
322.518332 
322.518332 
322.518332 
322.518332 
322.518332 
322.518332 
322.518332 
322.518332 
322.518332 
322.518332 
322.518332 
322.518332 
322.518332 
322.518332 
322.518332 
322.518333 
322.518333 
322.518333 
322.518334 
322.518334 
322.518335 
322.518336 
322.518337 
322.518338 
322.518340 
322.518342 
322.518345 
322.518349 
322.518354 
322.518360 
322.518367 
322.518377 
322.518389 
322.518405 
322.518427 
322.518454 
322.518488 
322.518531 
322.518585 
322.569587 
322.569587 
322.569587 
322.569587 
322.569587 
322.569587 
322.569587 
322.569587 
322.569587 
322.569587 
322.569587 
322.569587 
322.569587 
322.569587 
322.569587 
322.569587 
322.569587 
322.569587 
322.569587 
322.569587 
322.569587 
322.569587 
322.569587 
322.569587 
322.569587 
322.569587 
322.569588 
322.569588 
322.569588 
322.569589 
322.569589 
322.569590 
322.569591 
322.569592 
322.569593 
322.569594 
322.569597 
322.569599 
322.569603 
322.569608 
322.569614 
322.569621 
322.569630 
322.569642 
322.569657 
322.569678 
322.569704 
322.569738 
322.569779 
322.569831 
322.620842 
322.620842 
322.620842 
322.620842 
322.620842 
322.620842 
322.620842 
322.620842 
322.620842 
322.620842 
322.620842 
322.620842 
322.620842 
322.620842 
322.620842 
322.620842 
322.620842 
322.620842 
322.620842 
322.620842 
322.620842 
322.620842 
322.620842 
322.620842 
322.620842 
322.620842 
322.620843 
322.620843 
322.620843 
322.620844 
322.620844 
322.620845 
322.620845 
322.620846 
322.620847 
322.620849 
322.620851 
322.620854 
322.620857 
322.620861 
322.620867 
322.620874 
322.620882 
322.620893 
322.620908 
322.620928 
322.620952 
322.620984 
322.621023 
322.621073 
322.672097 
322.672097 
322.672097 
322.672097 
322.672097 
322.672097 
322.672097 
322.672097 
322.672097 
322.672097 
322.672097 
322.672097 
322.672097 
322.672097 
322.672097 
322.672097 
322.672097 
322.672097 
322.672097 
322.672097 
322.672097 
322.672097 
322.672097 
322.672097 
322.672097 
322.672097 
322.672098 
322.672098 
322.672098 
322.672098 
322.672099 
322.672099 
322.672100 
322.672101 
322.672102 
322.672103 
322.672105 
322.672108 
322.672111 
322.672115 
322.672120 
322.672126 
322.672134 
322.672144 
322.672158 
322.672176 
322.672199 
322.672227 
322.672263 
322.672309 
