322.363383 
322.366013 
322.369377 
322.373655 
322.379043 
322.385860 
322.394502 
322.405366 
322.418983 
322.436034 
322.457217 
322.483341 
322.515282 
322.553779 
322.599339 
322.651812 
322.709857 
322.769791 
322.824461 
322.861138 
322.860286 
322.798216 
322.663398 
322.500067 
322.420500 
322.404386 
322.404386 
322.404424 
322.404449 
322.404465 
322.404477 
322.404488 
322.404503 
322.404526 
322.404561 
322.404613 
322.404687 
322.404786 
322.404914 
322.405076 
322.405277 
322.405529 
322.405854 
322.406275 
322.406816 
322.407501 
322.408363 
322.409473 
322.410908 
322.412746 
322.415254 
322.417862 
322.421202 
322.425455 
322.430815 
322.437611 
322.446245 
322.457126 
322.470813 
322.488036 
322.509550 
322.536299 
322.569346 
322.609745 
322.658522 
322.716331 
322.783102 
322.857104 
322.933914 
323.004195 
323.050796 
323.045341 
322.948016 
322.732963 
322.520909 
322.456441 
322.456441 
322.456479 
322.456504 
322.456519 
322.456531 
322.456542 
322.456556 
322.456579 
322.456614 
322.456665 
322.456738 
322.456835 
322.456962 
322.457122 
322.457320 
322.457568 
322.457888 
322.458304 
322.458838 
322.459513 
322.460363 
322.461458 
322.462874 
322.464687 
322.467010 
322.469570 
322.472853 
322.477041 
322.482331 
322.489058 
322.497642 
322.508507 
322.522258 
322.539710 
322.561715 
322.589453 
322.624312 
322.667896 
322.722154 
322.789168 
322.871158 
322.969990 
323.086491 
323.218579 
323.356932 
323.474633 
323.503008 
323.297101 
322.772515 
322.508495 
322.508495 
322.508532 
322.508556 
322.508572 
322.508583 
322.508593 
322.508607 
322.508629 
322.508663 
322.508713 
322.508784 
322.508878 
322.509001 
322.509156 
322.509349 
322.509589 
322.509900 
322.510304 
322.510822 
322.511477 
322.512302 
322.513365 
322.514739 
322.516500 
322.518650 
322.521130 
322.524319 
322.528397 
322.533559 
322.540152 
322.548607 
322.559365 
322.573085 
322.590674 
322.613096 
322.641804 
322.678567 
322.725644 
322.786084 
322.863702 
322.963532 
323.092009 
323.257013 
323.467399 
323.729808 
324.037613 
324.334773 
324.407160 
323.650970 
322.560550 
322.560550 
322.560585 
322.560608 
322.560622 
322.560633 
322.560643 
322.560656 
322.560677 
322.560710 
322.560757 
322.560824 
322.560915 
322.561032 
322.561180 
322.561363 
322.561593 
322.561890 
322.562274 
322.562769 
322.563394 
322.564181 
322.565195 
322.566507 
322.568187 
322.570170 
322.572538 
322.575590 
322.579502 
322.584466 
322.590831 
322.599038 
322.609534 
322.623019 
322.640474 
322.662955 
322.692154 
322.730176 
322.779871 
322.845294 
322.931883 
323.047349 
323.202656 
323.413075 
323.700144 
324.092850 
324.625639 
325.320206 
326.085836 
326.113717 
322.612603 
322.612603 
322.612636 
322.612658 
322.612672 
322.612681 
322.612691 
322.612703 
322.612723 
322.612753 
322.612798 
322.612861 
322.612945 
322.613055 
322.613193 
322.613365 
322.613580 
322.613858 
322.614218 
322.614680 
322.615266 
322.616003 
322.616952 
322.618181 
322.619755 
322.621570 
322.623791 
322.626658 
322.630340 
322.635022 
322.641047 
322.648846 
322.658864 
322.671809 
322.688695 
322.710615 
322.739397 
322.777338 
322.827658 
322.895063 
322.986081 
323.110278 
323.281914 
323.521962 
323.862618 
324.354143 
325.077420 
326.168021 
327.852250 
330.310677 
322.664657 
322.664657 
322.664687 
322.664707 
322.664719 
322.664728 
322.664737 
322.664748 
322.664766 
322.664794 
322.664835 
322.664892 
322.664970 
322.665070 
322.665197 
322.665355 
322.665551 
322.665806 
322.666135 
322.666559 
322.667095 
322.667771 
322.668641 
322.669766 
322.671209 
322.672854 
322.674890 
322.677522 
322.680908 
322.685217 
322.690773 
322.697983 
322.707266 
322.719303 
322.735070 
322.755630 
322.782787 
322.818825 
322.866993 
322.932099 
323.020911 
323.143489 
323.315140 
323.558920 
323.911509 
324.433544 
325.232096 
326.518179 
328.782699 
333.597735 
353.150000 
