322.404386 
322.404386 
322.404424 
322.404449 
322.404465 
322.404477 
322.404488 
322.404503 
322.404526 
322.404561 
322.404613 
322.404687 
322.404786 
322.404914 
322.405076 
322.405277 
322.405529 
322.405854 
322.406275 
322.406816 
322.407501 
322.408363 
322.409473 
322.410908 
322.412746 
322.415067 
322.418025 
322.421834 
322.426709 
322.432885 
322.440767 
322.450858 
322.463672 
322.479936 
322.500624 
322.526755 
322.559688 
322.600993 
322.652345 
322.715564 
322.792108 
322.882673 
322.985692 
323.095592 
323.198822 
323.268216 
323.256770 
323.101276 
322.780468 
322.498929 
322.456441 
322.456441 
322.456479 
322.456504 
322.456519 
322.456531 
322.456542 
322.456556 
322.456579 
322.456614 
322.456665 
322.456738 
322.456835 
322.456962 
322.457122 
322.457320 
322.457568 
322.457888 
322.458304 
322.458838 
322.459513 
322.460363 
322.461458 
322.462874 
322.464687 
322.466977 
322.469897 
322.473656 
322.478470 
322.484571 
322.492363 
322.502348 
322.515040 
322.531176 
322.551752 
322.577814 
322.610805 
322.652429 
322.704609 
322.769625 
322.849738 
322.947044 
323.062482 
323.194642 
323.336895 
323.472408 
323.565231 
323.544336 
323.285614 
322.732830 
322.508495 
322.508495 
322.508532 
322.508556 
322.508572 
322.508583 
322.508593 
322.508607 
322.508629 
322.508663 
322.508713 
322.508784 
322.508878 
322.509001 
322.509156 
322.509349 
322.509589 
322.509900 
322.510304 
322.510822 
322.511477 
322.512302 
322.513365 
322.514739 
322.516500 
322.518724 
322.521560 
322.525215 
322.529898 
322.535835 
322.543428 
322.553175 
322.565586 
322.581411 
322.601674 
322.627462 
322.660359 
322.702271 
322.755540 
322.823208 
322.908878 
323.017006 
323.152794 
323.322012 
323.530293 
323.780539 
324.064323 
324.330750 
324.378757 
323.607392 
322.560550 
322.560550 
322.560585 
322.560608 
322.560622 
322.560633 
322.560643 
322.560656 
322.560677 
322.560710 
322.560757 
322.560824 
322.560915 
322.561032 
322.561180 
322.561363 
322.561593 
322.561890 
322.562274 
322.562769 
322.563394 
322.564181 
322.565195 
322.566507 
322.568187 
322.570312 
322.573021 
322.576514 
322.580993 
322.586676 
322.593955 
322.603318 
322.615264 
322.630548 
322.650216 
322.675381 
322.707765 
322.749476 
322.803290 
322.873051 
322.963807 
323.082580 
323.239270 
323.447724 
323.727898 
324.107873 
324.623397 
325.300764 
326.053521 
326.070811 
322.612603 
322.612603 
322.612636 
322.612658 
322.612672 
322.612681 
322.612691 
322.612703 
322.612723 
322.612753 
322.612798 
322.612861 
322.612945 
322.613055 
322.613193 
322.613365 
322.613580 
322.613858 
322.614218 
322.614680 
322.615266 
322.616003 
322.616952 
322.618181 
322.619755 
322.621745 
322.624284 
322.627559 
322.631762 
322.637099 
322.643943 
322.652762 
322.664036 
322.678504 
322.697200 
322.721239 
322.752407 
322.792925 
322.845853 
322.915594 
323.008249 
323.132760 
323.302647 
323.538160 
323.871119 
324.352289 
325.064271 
326.144777 
327.820228 
330.269208 
322.664657 
322.664657 
322.664687 
322.664707 
322.664719 
322.664728 
322.664737 
322.664748 
322.664766 
322.664794 
322.664835 
322.664892 
322.664970 
322.665070 
322.665197 
322.665355 
322.665551 
322.665806 
322.666135 
322.666559 
322.667095 
322.667771 
322.668641 
322.669766 
322.671209 
322.673033 
322.675360 
322.678364 
322.682219 
322.687117 
322.693403 
322.701514 
322.711893 
322.725236 
322.742525 
322.764817 
322.793850 
322.831800 
322.881727 
322.948123 
323.037353 
323.158954 
323.327734 
323.566438 
323.911940 
324.425797 
325.216425 
326.495438 
328.752733 
333.558706 
353.150000 
