322.262603 
322.265105 
322.268226 
322.272086 
322.276852 
322.282722 
322.289896 
322.298584 
322.309014 
322.321404 
322.335851 
322.352373 
322.370731 
322.390277 
322.409841 
322.427414 
322.440011 
322.443765 
322.434502 
322.409833 
322.373027 
322.336867 
322.316642 
322.301390 
322.303211 
322.303211 
322.303244 
322.303266 
322.303280 
322.303291 
322.303301 
322.303315 
322.303337 
322.303369 
322.303415 
322.303479 
322.303564 
322.303675 
322.303814 
322.303986 
322.304200 
322.304474 
322.304827 
322.305276 
322.305842 
322.306550 
322.307453 
322.308608 
322.310073 
322.311908 
322.314408 
322.316934 
322.320096 
322.324018 
322.328883 
322.334910 
322.342317 
322.351360 
322.362329 
322.375516 
322.391149 
322.409415 
322.430308 
322.453506 
322.478224 
322.502904 
322.524891 
322.540225 
322.543479 
322.528606 
322.491873 
322.439232 
322.396066 
322.387883 
322.355087 
322.355087 
322.355119 
322.355140 
322.355155 
322.355165 
322.355176 
322.355190 
322.355211 
322.355242 
322.355288 
322.355352 
322.355437 
322.355546 
322.355684 
322.355855 
322.356067 
322.356339 
322.356689 
322.357136 
322.357698 
322.358401 
322.359299 
322.360449 
322.361908 
322.363739 
322.366200 
322.368765 
322.371994 
322.376020 
322.381054 
322.387352 
322.395172 
322.404846 
322.416786 
322.431416 
322.449212 
322.470683 
322.496267 
322.526286 
322.560746 
322.599080 
322.639578 
322.678752 
322.709998 
322.722127 
322.699037 
322.626942 
322.526103 
322.490199 
322.406962 
322.406962 
322.406993 
322.407014 
322.407028 
322.407039 
322.407049 
322.407063 
322.407083 
322.407114 
322.407159 
322.407221 
322.407305 
322.407412 
322.407548 
322.407715 
322.407923 
322.408190 
322.408535 
322.408974 
322.409528 
322.410221 
322.411107 
322.412243 
322.413689 
322.415503 
322.417956 
322.420561 
322.423864 
322.428010 
322.433247 
322.439876 
322.448208 
322.458674 
322.471845 
322.488322 
322.508912 
322.534558 
322.566317 
322.605425 
322.653082 
322.710344 
322.777439 
322.852848 
322.931014 
322.998253 
323.026501 
322.969077 
322.788480 
322.609199 
322.458836 
322.458836 
322.458867 
322.458887 
322.458901 
322.458911 
322.458921 
322.458934 
322.458954 
322.458984 
322.459027 
322.459088 
322.459169 
322.459273 
322.459405 
322.459567 
322.459769 
322.460029 
322.460364 
322.460792 
322.461331 
322.462008 
322.462874 
322.463987 
322.465406 
322.467192 
322.469641 
322.472273 
322.475635 
322.479884 
322.485306 
322.492254 
322.501090 
322.512354 
322.526791 
322.545191 
322.568735 
322.598853 
322.637320 
322.686466 
322.749010 
322.828218 
322.927427 
323.049256 
323.193322 
323.350849 
323.492934 
323.546223 
323.362976 
322.861588 
322.510711 
322.510711 
322.510740 
322.510760 
322.510773 
322.510782 
322.510792 
322.510804 
322.510823 
322.510852 
322.510894 
322.510951 
322.511029 
322.511129 
322.511255 
322.511411 
322.511605 
322.511854 
322.512176 
322.512588 
322.513108 
322.513760 
322.514597 
322.515675 
322.517053 
322.518791 
322.521221 
322.523849 
322.527227 
322.531527 
322.537063 
322.544235 
322.553451 
322.565349 
322.580833 
322.600869 
322.626992 
322.661098 
322.705680 
322.764187 
322.840984 
322.941878 
323.074201 
323.246690 
323.468644 
323.746187 
324.071018 
324.385316 
324.475234 
323.737514 
322.562585 
322.562585 
322.562613 
322.562631 
322.562643 
322.562652 
322.562661 
322.562673 
322.562691 
322.562718 
322.562757 
322.562812 
322.562885 
322.562980 
322.563099 
322.563246 
322.563430 
322.563666 
322.563971 
322.564363 
322.564856 
322.565476 
322.566273 
322.567303 
322.568622 
322.570288 
322.572664 
322.575239 
322.578570 
322.582831 
322.588361 
322.595586 
322.604948 
322.617153 
322.633222 
322.654254 
322.682055 
322.718893 
322.767846 
322.833310 
322.921125 
323.039480 
323.199779 
323.417579 
323.714342 
324.118517 
324.663828 
325.371869 
326.152796 
326.198478 
322.614458 
322.614458 
322.614485 
322.614502 
322.614513 
322.614522 
322.614530 
322.614541 
322.614557 
322.614582 
322.614619 
322.614670 
322.614738 
322.614826 
322.614937 
322.615074 
322.615245 
322.615465 
322.615750 
322.616115 
322.616575 
322.617155 
322.617902 
322.618868 
322.620107 
322.621675 
322.623945 
322.626408 
322.629607 
322.633716 
322.639077 
322.646126 
322.655310 
322.667367 
322.683366 
322.704465 
322.732615 
322.770275 
322.820865 
322.889351 
322.982528 
323.110220 
323.286847 
323.533399 
323.881897 
324.382359 
325.115651 
326.217897 
327.916417 
330.393182 
322.666332 
322.666332 
322.666356 
322.666372 
322.666382 
322.666390 
322.666397 
322.666407 
322.666422 
322.666445 
322.666478 
322.666525 
322.666587 
322.666667 
322.666769 
322.666894 
322.667050 
322.667251 
322.667512 
322.667846 
322.668267 
322.668798 
322.669482 
322.670368 
322.671506 
322.672948 
322.675052 
322.677336 
322.680310 
322.684137 
322.689145 
322.695752 
322.704386 
322.715761 
322.730918 
322.750985 
322.777884 
322.814050 
322.862900 
322.929445 
323.020636 
323.146674 
323.322902 
323.572307 
323.931427 
324.460864 
325.267980 
326.564494 
328.842389 
333.675551 
353.150000 
321.954526 
321.954526 
321.954526 
321.954526 
321.954526 
321.954526 
321.954526 
321.954526 
321.954526 
321.954526 
321.954526 
321.954526 
321.954526 
321.954526 
321.954526 
321.954526 
321.954526 
321.954526 
321.954526 
321.954526 
321.954526 
321.954526 
321.954526 
321.954526 
321.954527 
321.954527 
321.954527 
321.954527 
321.954528 
321.954528 
321.954529 
321.954530 
321.954530 
321.954532 
321.954533 
321.954535 
321.954537 
321.954540 
321.954543 
321.954548 
321.954554 
321.954561 
321.954569 
321.954580 
321.954593 
321.954610 
321.954632 
321.954658 
321.954690 
321.954729 
322.005781 
322.005781 
322.005781 
322.005781 
322.005781 
322.005781 
322.005781 
322.005781 
322.005781 
322.005781 
322.005781 
322.005781 
322.005781 
322.005781 
322.005781 
322.005781 
322.005781 
322.005781 
322.005781 
322.005781 
322.005781 
322.005781 
322.005781 
322.005781 
322.005782 
322.005782 
322.005782 
322.005782 
322.005783 
322.005783 
322.005784 
322.005785 
322.005786 
322.005787 
322.005788 
322.005790 
322.005792 
322.005795 
322.005799 
322.005803 
322.005809 
322.005816 
322.005824 
322.005835 
322.005849 
322.005866 
322.005888 
322.005914 
322.005947 
322.005987 
322.057036 
322.057036 
322.057036 
322.057036 
322.057036 
322.057036 
322.057036 
322.057036 
322.057036 
322.057036 
322.057036 
322.057036 
322.057036 
322.057036 
322.057036 
322.057036 
322.057036 
322.057036 
322.057036 
322.057036 
322.057036 
322.057036 
322.057036 
322.057037 
322.057037 
322.057037 
322.057037 
322.057037 
322.057038 
322.057038 
322.057039 
322.057040 
322.057041 
322.057042 
322.057043 
322.057045 
322.057047 
322.057050 
322.057054 
322.057059 
322.057064 
322.057071 
322.057080 
322.057091 
322.057105 
322.057123 
322.057145 
322.057172 
322.057206 
322.057247 
322.108291 
322.108291 
322.108291 
322.108291 
322.108291 
322.108291 
322.108291 
322.108291 
322.108291 
322.108291 
322.108291 
322.108291 
322.108291 
322.108291 
322.108291 
322.108291 
322.108291 
322.108291 
322.108291 
322.108291 
322.108291 
322.108291 
322.108291 
322.108292 
322.108292 
322.108292 
322.108292 
322.108292 
322.108293 
322.108293 
322.108294 
322.108295 
322.108296 
322.108297 
322.108298 
322.108300 
322.108302 
322.108305 
322.108309 
322.108314 
322.108320 
322.108327 
322.108336 
322.108347 
322.108361 
322.108380 
322.108403 
322.108431 
322.108466 
322.108509 
322.159546 
322.159546 
322.159546 
322.159546 
322.159546 
322.159546 
322.159546 
322.159546 
322.159546 
322.159546 
322.159546 
322.159546 
322.159546 
322.159546 
322.159546 
322.159546 
322.159546 
322.159546 
322.159546 
322.159546 
322.159546 
322.159546 
322.159547 
322.159547 
322.159547 
322.159547 
322.159547 
322.159548 
322.159548 
322.159548 
322.159549 
322.159550 
322.159551 
322.159552 
322.159553 
322.159555 
322.159558 
322.159561 
322.159564 
322.159569 
322.159575 
322.159583 
322.159592 
322.159603 
322.159618 
322.159637 
322.159661 
322.159691 
322.159727 
322.159772 
322.210801 
322.210801 
322.210801 
322.210801 
322.210801 
322.210801 
322.210801 
322.210801 
322.210801 
322.210801 
322.210801 
322.210801 
322.210801 
322.210801 
322.210801 
322.210801 
322.210801 
322.210801 
322.210801 
322.210801 
322.210801 
322.210802 
322.210802 
322.210802 
322.210802 
322.210802 
322.210802 
322.210803 
322.210803 
322.210804 
322.210804 
322.210805 
322.210806 
322.210807 
322.210808 
322.210810 
322.210813 
322.210816 
322.210820 
322.210825 
322.210831 
322.210838 
322.210847 
322.210859 
322.210875 
322.210895 
322.210919 
322.210950 
322.210988 
322.211036 
322.262056 
322.262056 
322.262056 
322.262056 
322.262056 
322.262056 
322.262056 
322.262056 
322.262056 
322.262056 
322.262056 
322.262056 
322.262056 
322.262056 
322.262056 
322.262056 
322.262056 
322.262056 
322.262056 
322.262056 
322.262056 
322.262057 
322.262057 
322.262057 
322.262057 
322.262057 
322.262057 
322.262058 
322.262058 
322.262059 
322.262059 
322.262060 
322.262061 
322.262062 
322.262064 
322.262065 
322.262068 
322.262071 
322.262075 
322.262080 
322.262086 
322.262094 
322.262103 
322.262115 
322.262131 
322.262152 
322.262178 
322.262210 
322.262250 
322.262299 
322.313311 
322.313311 
322.313311 
322.313311 
322.313311 
322.313311 
322.313311 
322.313311 
322.313311 
322.313311 
322.313311 
322.313311 
322.313311 
322.313311 
322.313311 
322.313311 
322.313311 
322.313311 
322.313311 
322.313311 
322.313312 
322.313312 
322.313312 
322.313312 
322.313312 
322.313312 
322.313312 
322.313313 
322.313313 
322.313314 
322.313314 
322.313315 
322.313316 
322.313317 
322.313319 
322.313320 
322.313323 
322.313326 
322.313330 
322.313335 
322.313341 
322.313349 
322.313359 
322.313371 
322.313388 
322.313409 
322.313435 
322.313469 
322.313510 
322.313562 
322.364566 
322.364566 
322.364566 
322.364566 
322.364566 
322.364566 
322.364566 
322.364566 
322.364566 
322.364566 
322.364566 
322.364566 
322.364566 
322.364566 
322.364566 
322.364566 
322.364566 
322.364566 
322.364567 
322.364567 
322.364567 
322.364567 
322.364567 
322.364567 
322.364567 
322.364567 
322.364567 
322.364568 
322.364568 
322.364569 
322.364569 
322.364570 
322.364571 
322.364572 
322.364574 
322.364575 
322.364578 
322.364581 
322.364585 
322.364590 
322.364596 
322.364604 
322.364614 
322.364627 
322.364643 
322.364665 
322.364692 
322.364727 
322.364769 
322.364822 
322.415821 
322.415821 
322.415821 
322.415821 
322.415821 
322.415821 
322.415821 
322.415821 
322.415821 
322.415821 
322.415821 
322.415821 
322.415821 
322.415821 
322.415821 
322.415821 
322.415821 
322.415822 
322.415822 
322.415822 
322.415822 
322.415822 
322.415822 
322.415822 
322.415822 
322.415822 
322.415822 
322.415823 
322.415823 
322.415824 
322.415824 
322.415825 
322.415826 
322.415827 
322.415828 
322.415830 
322.415833 
322.415836 
322.415840 
322.415845 
322.415851 
322.415859 
322.415869 
322.415881 
322.415898 
322.415920 
322.415948 
322.415983 
322.416026 
322.416080 
322.467076 
322.467076 
322.467076 
322.467076 
322.467076 
322.467076 
322.467076 
322.467076 
322.467076 
322.467076 
322.467076 
322.467076 
322.467076 
322.467077 
322.467077 
322.467077 
322.467077 
322.467077 
322.467077 
322.467077 
322.467077 
322.467077 
322.467077 
322.467077 
322.467077 
322.467077 
322.467078 
322.467078 
322.467078 
322.467079 
322.467079 
322.467080 
322.467081 
322.467082 
322.467083 
322.467085 
322.467087 
322.467091 
322.467094 
322.467099 
322.467106 
322.467113 
322.467123 
322.467136 
322.467152 
322.467174 
322.467202 
322.467237 
322.467280 
322.467335 
322.518332 
322.518332 
322.518332 
322.518332 
322.518332 
322.518332 
322.518332 
322.518332 
322.518332 
322.518332 
322.518332 
322.518332 
322.518332 
322.518332 
322.518332 
322.518332 
322.518332 
322.518332 
322.518332 
322.518332 
322.518332 
322.518332 
322.518332 
322.518332 
322.518332 
322.518332 
322.518333 
322.518333 
322.518333 
322.518334 
322.518334 
322.518335 
322.518336 
322.518337 
322.518338 
322.518340 
322.518342 
322.518345 
322.518349 
322.518354 
322.518360 
322.518367 
322.518377 
322.518389 
322.518405 
322.518427 
322.518454 
322.518488 
322.518531 
322.518585 
322.569587 
322.569587 
322.569587 
322.569587 
322.569587 
322.569587 
322.569587 
322.569587 
322.569587 
322.569587 
322.569587 
322.569587 
322.569587 
322.569587 
322.569587 
322.569587 
322.569587 
322.569587 
322.569587 
322.569587 
322.569587 
322.569587 
322.569587 
322.569587 
322.569587 
322.569587 
322.569588 
322.569588 
322.569588 
322.569589 
322.569589 
322.569590 
322.569591 
322.569592 
322.569593 
322.569594 
322.569597 
322.569599 
322.569603 
322.569608 
322.569614 
322.569621 
322.569630 
322.569642 
322.569657 
322.569678 
322.569704 
322.569738 
322.569779 
322.569831 
322.620842 
322.620842 
322.620842 
322.620842 
322.620842 
322.620842 
322.620842 
322.620842 
322.620842 
322.620842 
322.620842 
322.620842 
322.620842 
322.620842 
322.620842 
322.620842 
322.620842 
322.620842 
322.620842 
322.620842 
322.620842 
322.620842 
322.620842 
322.620842 
322.620842 
322.620842 
322.620843 
322.620843 
322.620843 
322.620844 
322.620844 
322.620845 
322.620845 
322.620846 
322.620847 
322.620849 
322.620851 
322.620854 
322.620857 
322.620861 
322.620867 
322.620874 
322.620882 
322.620893 
322.620908 
322.620928 
322.620952 
322.620984 
322.621023 
322.621073 
322.672097 
322.672097 
322.672097 
322.672097 
322.672097 
322.672097 
322.672097 
322.672097 
322.672097 
322.672097 
322.672097 
322.672097 
322.672097 
322.672097 
322.672097 
322.672097 
322.672097 
322.672097 
322.672097 
322.672097 
322.672097 
322.672097 
322.672097 
322.672097 
322.672097 
322.672097 
322.672098 
322.672098 
322.672098 
322.672098 
322.672099 
322.672099 
322.672100 
322.672101 
322.672102 
322.672103 
322.672105 
322.672108 
322.672111 
322.672115 
322.672120 
322.672126 
322.672134 
322.672144 
322.672158 
322.672176 
322.672199 
322.672227 
322.672263 
322.672309 
321.954526 
321.954526 
321.954526 
321.954526 
321.954526 
321.954526 
321.954526 
321.954526 
321.954526 
321.954526 
321.954526 
321.954526 
321.954526 
321.954526 
321.954526 
321.954526 
321.954526 
321.954526 
321.954526 
321.954526 
321.954526 
321.954526 
321.954526 
321.954526 
321.954527 
321.954527 
321.954527 
321.954527 
321.954528 
321.954528 
321.954529 
321.954530 
321.954530 
321.954532 
321.954533 
321.954535 
321.954537 
321.954540 
321.954543 
321.954548 
321.954554 
321.954561 
321.954569 
321.954580 
321.954593 
321.954610 
321.954632 
321.954658 
321.954690 
321.954729 
322.005781 
322.005781 
322.005781 
322.005781 
322.005781 
322.005781 
322.005781 
322.005781 
322.005781 
322.005781 
322.005781 
322.005781 
322.005781 
322.005781 
322.005781 
322.005781 
322.005781 
322.005781 
322.005781 
322.005781 
322.005781 
322.005781 
322.005781 
322.005781 
322.005782 
322.005782 
322.005782 
322.005782 
322.005783 
322.005783 
322.005784 
322.005785 
322.005786 
322.005787 
322.005788 
322.005790 
322.005792 
322.005795 
322.005799 
322.005803 
322.005809 
322.005816 
322.005824 
322.005835 
322.005849 
322.005866 
322.005888 
322.005914 
322.005947 
322.005987 
322.057036 
322.057036 
322.057036 
322.057036 
322.057036 
322.057036 
322.057036 
322.057036 
322.057036 
322.057036 
322.057036 
322.057036 
322.057036 
322.057036 
322.057036 
322.057036 
322.057036 
322.057036 
322.057036 
322.057036 
322.057036 
322.057036 
322.057036 
322.057037 
322.057037 
322.057037 
322.057037 
322.057037 
322.057038 
322.057038 
322.057039 
322.057040 
322.057041 
322.057042 
322.057043 
322.057045 
322.057047 
322.057050 
322.057054 
322.057059 
322.057064 
322.057071 
322.057080 
322.057091 
322.057105 
322.057123 
322.057145 
322.057172 
322.057206 
322.057247 
322.108291 
322.108291 
322.108291 
322.108291 
322.108291 
322.108291 
322.108291 
322.108291 
322.108291 
322.108291 
322.108291 
322.108291 
322.108291 
322.108291 
322.108291 
322.108291 
322.108291 
322.108291 
322.108291 
322.108291 
322.108291 
322.108291 
322.108291 
322.108292 
322.108292 
322.108292 
322.108292 
322.108292 
322.108293 
322.108293 
322.108294 
322.108295 
322.108296 
322.108297 
322.108298 
322.108300 
322.108302 
322.108305 
322.108309 
322.108314 
322.108320 
322.108327 
322.108336 
322.108347 
322.108361 
322.108380 
322.108403 
322.108431 
322.108466 
322.108509 
322.159546 
322.159546 
322.159546 
322.159546 
322.159546 
322.159546 
322.159546 
322.159546 
322.159546 
322.159546 
322.159546 
322.159546 
322.159546 
322.159546 
322.159546 
322.159546 
322.159546 
322.159546 
322.159546 
322.159546 
322.159546 
322.159546 
322.159547 
322.159547 
322.159547 
322.159547 
322.159547 
322.159548 
322.159548 
322.159548 
322.159549 
322.159550 
322.159551 
322.159552 
322.159553 
322.159555 
322.159558 
322.159561 
322.159564 
322.159569 
322.159575 
322.159583 
322.159592 
322.159603 
322.159618 
322.159637 
322.159661 
322.159691 
322.159727 
322.159772 
322.210801 
322.210801 
322.210801 
322.210801 
322.210801 
322.210801 
322.210801 
322.210801 
322.210801 
322.210801 
322.210801 
322.210801 
322.210801 
322.210801 
322.210801 
322.210801 
322.210801 
322.210801 
322.210801 
322.210801 
322.210801 
322.210802 
322.210802 
322.210802 
322.210802 
322.210802 
322.210802 
322.210803 
322.210803 
322.210804 
322.210804 
322.210805 
322.210806 
322.210807 
322.210808 
322.210810 
322.210813 
322.210816 
322.210820 
322.210825 
322.210831 
322.210838 
322.210847 
322.210859 
322.210875 
322.210895 
322.210919 
322.210950 
322.210988 
322.211036 
322.262056 
322.262056 
322.262056 
322.262056 
322.262056 
322.262056 
322.262056 
322.262056 
322.262056 
322.262056 
322.262056 
322.262056 
322.262056 
322.262056 
322.262056 
322.262056 
322.262056 
322.262056 
322.262056 
322.262056 
322.262056 
322.262057 
322.262057 
322.262057 
322.262057 
322.262057 
322.262057 
322.262058 
322.262058 
322.262059 
322.262059 
322.262060 
322.262061 
322.262062 
322.262064 
322.262065 
322.262068 
322.262071 
322.262075 
322.262080 
322.262086 
322.262094 
322.262103 
322.262115 
322.262131 
322.262152 
322.262178 
322.262210 
322.262250 
322.262299 
322.313311 
322.313311 
322.313311 
322.313311 
322.313311 
322.313311 
322.313311 
322.313311 
322.313311 
322.313311 
322.313311 
322.313311 
322.313311 
322.313311 
322.313311 
322.313311 
322.313311 
322.313311 
322.313311 
322.313311 
322.313312 
322.313312 
322.313312 
322.313312 
322.313312 
322.313312 
322.313312 
322.313313 
322.313313 
322.313314 
322.313314 
322.313315 
322.313316 
322.313317 
322.313319 
322.313320 
322.313323 
322.313326 
322.313330 
322.313335 
322.313341 
322.313349 
322.313359 
322.313371 
322.313388 
322.313409 
322.313435 
322.313469 
322.313510 
322.313562 
322.364566 
322.364566 
322.364566 
322.364566 
322.364566 
322.364566 
322.364566 
322.364566 
322.364566 
322.364566 
322.364566 
322.364566 
322.364566 
322.364566 
322.364566 
322.364566 
322.364566 
322.364566 
322.364567 
322.364567 
322.364567 
322.364567 
322.364567 
322.364567 
322.364567 
322.364567 
322.364567 
322.364568 
322.364568 
322.364569 
322.364569 
322.364570 
322.364571 
322.364572 
322.364574 
322.364575 
322.364578 
322.364581 
322.364585 
322.364590 
322.364596 
322.364604 
322.364614 
322.364627 
322.364643 
322.364665 
322.364692 
322.364727 
322.364769 
322.364822 
322.415821 
322.415821 
322.415821 
322.415821 
322.415821 
322.415821 
322.415821 
322.415821 
322.415821 
322.415821 
322.415821 
322.415821 
322.415821 
322.415821 
322.415821 
322.415821 
322.415821 
322.415822 
322.415822 
322.415822 
322.415822 
322.415822 
322.415822 
322.415822 
322.415822 
322.415822 
322.415822 
322.415823 
322.415823 
322.415824 
322.415824 
322.415825 
322.415826 
322.415827 
322.415828 
322.415830 
322.415833 
322.415836 
322.415840 
322.415845 
322.415851 
322.415859 
322.415869 
322.415881 
322.415898 
322.415920 
322.415948 
322.415983 
322.416026 
322.416080 
322.467076 
322.467076 
322.467076 
322.467076 
322.467076 
322.467076 
322.467076 
322.467076 
322.467076 
322.467076 
322.467076 
322.467076 
322.467076 
322.467077 
322.467077 
322.467077 
322.467077 
322.467077 
322.467077 
322.467077 
322.467077 
322.467077 
322.467077 
322.467077 
322.467077 
322.467077 
322.467078 
322.467078 
322.467078 
322.467079 
322.467079 
322.467080 
322.467081 
322.467082 
322.467083 
322.467085 
322.467087 
322.467091 
322.467094 
322.467099 
322.467106 
322.467113 
322.467123 
322.467136 
322.467152 
322.467174 
322.467202 
322.467237 
322.467280 
322.467335 
322.518332 
322.518332 
322.518332 
322.518332 
322.518332 
322.518332 
322.518332 
322.518332 
322.518332 
322.518332 
322.518332 
322.518332 
322.518332 
322.518332 
322.518332 
322.518332 
322.518332 
322.518332 
322.518332 
322.518332 
322.518332 
322.518332 
322.518332 
322.518332 
322.518332 
322.518332 
322.518333 
322.518333 
322.518333 
322.518334 
322.518334 
322.518335 
322.518336 
322.518337 
322.518338 
322.518340 
322.518342 
322.518345 
322.518349 
322.518354 
322.518360 
322.518367 
322.518377 
322.518389 
322.518405 
322.518427 
322.518454 
322.518488 
322.518531 
322.518585 
322.569587 
322.569587 
322.569587 
322.569587 
322.569587 
322.569587 
322.569587 
322.569587 
322.569587 
322.569587 
322.569587 
322.569587 
322.569587 
322.569587 
322.569587 
322.569587 
322.569587 
322.569587 
322.569587 
322.569587 
322.569587 
322.569587 
322.569587 
322.569587 
322.569587 
322.569587 
322.569588 
322.569588 
322.569588 
322.569589 
322.569589 
322.569590 
322.569591 
322.569592 
322.569593 
322.569594 
322.569597 
322.569599 
322.569603 
322.569608 
322.569614 
322.569621 
322.569630 
322.569642 
322.569657 
322.569678 
322.569704 
322.569738 
322.569779 
322.569831 
322.620842 
322.620842 
322.620842 
322.620842 
322.620842 
322.620842 
322.620842 
322.620842 
322.620842 
322.620842 
322.620842 
322.620842 
322.620842 
322.620842 
322.620842 
322.620842 
322.620842 
322.620842 
322.620842 
322.620842 
322.620842 
322.620842 
322.620842 
322.620842 
322.620842 
322.620842 
322.620843 
322.620843 
322.620843 
322.620844 
322.620844 
322.620845 
322.620845 
322.620846 
322.620847 
322.620849 
322.620851 
322.620854 
322.620857 
322.620861 
322.620867 
322.620874 
322.620882 
322.620893 
322.620908 
322.620928 
322.620952 
322.620984 
322.621023 
322.621073 
322.672097 
322.672097 
322.672097 
322.672097 
322.672097 
322.672097 
322.672097 
322.672097 
322.672097 
322.672097 
322.672097 
322.672097 
322.672097 
322.672097 
322.672097 
322.672097 
322.672097 
322.672097 
322.672097 
322.672097 
322.672097 
322.672097 
322.672097 
322.672097 
322.672097 
322.672097 
322.672098 
322.672098 
322.672098 
322.672098 
322.672099 
322.672099 
322.672100 
322.672101 
322.672102 
322.672103 
322.672105 
322.672108 
322.672111 
322.672115 
322.672120 
322.672126 
322.672134 
322.672144 
322.672158 
322.672176 
322.672199 
322.672227 
322.672263 
322.672309 
321.954526 
321.954526 
321.954526 
321.954526 
321.954526 
321.954526 
321.954526 
321.954526 
321.954526 
321.954526 
321.954526 
321.954526 
321.954526 
321.954526 
321.954526 
321.954526 
321.954526 
321.954526 
321.954526 
321.954526 
321.954526 
321.954526 
321.954526 
321.954526 
321.954527 
321.954527 
321.954527 
321.954527 
321.954528 
321.954528 
321.954529 
321.954530 
321.954530 
321.954532 
321.954533 
321.954535 
321.954537 
321.954540 
321.954543 
321.954548 
321.954554 
321.954561 
321.954569 
321.954580 
321.954593 
321.954610 
321.954632 
321.954658 
321.954690 
321.954729 
322.005781 
322.005781 
322.005781 
322.005781 
322.005781 
322.005781 
322.005781 
322.005781 
322.005781 
322.005781 
322.005781 
322.005781 
322.005781 
322.005781 
322.005781 
322.005781 
322.005781 
322.005781 
322.005781 
322.005781 
322.005781 
322.005781 
322.005781 
322.005781 
322.005782 
322.005782 
322.005782 
322.005782 
322.005783 
322.005783 
322.005784 
322.005785 
322.005786 
322.005787 
322.005788 
322.005790 
322.005792 
322.005795 
322.005799 
322.005803 
322.005809 
322.005816 
322.005824 
322.005835 
322.005849 
322.005866 
322.005888 
322.005914 
322.005947 
322.005987 
322.057036 
322.057036 
322.057036 
322.057036 
322.057036 
322.057036 
322.057036 
322.057036 
322.057036 
322.057036 
322.057036 
322.057036 
322.057036 
322.057036 
322.057036 
322.057036 
322.057036 
322.057036 
322.057036 
322.057036 
322.057036 
322.057036 
322.057036 
322.057037 
322.057037 
322.057037 
322.057037 
322.057037 
322.057038 
322.057038 
322.057039 
322.057040 
322.057041 
322.057042 
322.057043 
322.057045 
322.057047 
322.057050 
322.057054 
322.057059 
322.057064 
322.057071 
322.057080 
322.057091 
322.057105 
322.057123 
322.057145 
322.057172 
322.057206 
322.057247 
322.108291 
322.108291 
322.108291 
322.108291 
322.108291 
322.108291 
322.108291 
322.108291 
322.108291 
322.108291 
322.108291 
322.108291 
322.108291 
322.108291 
322.108291 
322.108291 
322.108291 
322.108291 
322.108291 
322.108291 
322.108291 
322.108291 
322.108291 
322.108292 
322.108292 
322.108292 
322.108292 
322.108292 
322.108293 
322.108293 
322.108294 
322.108295 
322.108296 
322.108297 
322.108298 
322.108300 
322.108302 
322.108305 
322.108309 
322.108314 
322.108320 
322.108327 
322.108336 
322.108347 
322.108361 
322.108380 
322.108403 
322.108431 
322.108466 
322.108509 
322.159546 
322.159546 
322.159546 
322.159546 
322.159546 
322.159546 
322.159546 
322.159546 
322.159546 
322.159546 
322.159546 
322.159546 
322.159546 
322.159546 
322.159546 
322.159546 
322.159546 
322.159546 
322.159546 
322.159546 
322.159546 
322.159546 
322.159547 
322.159547 
322.159547 
322.159547 
322.159547 
322.159548 
322.159548 
322.159548 
322.159549 
322.159550 
322.159551 
322.159552 
322.159553 
322.159555 
322.159558 
322.159561 
322.159564 
322.159569 
322.159575 
322.159583 
322.159592 
322.159603 
322.159618 
322.159637 
322.159661 
322.159691 
322.159727 
322.159772 
322.210801 
322.210801 
322.210801 
322.210801 
322.210801 
322.210801 
322.210801 
322.210801 
322.210801 
322.210801 
322.210801 
322.210801 
322.210801 
322.210801 
322.210801 
322.210801 
322.210801 
322.210801 
322.210801 
322.210801 
322.210801 
322.210802 
322.210802 
322.210802 
322.210802 
322.210802 
322.210802 
322.210803 
322.210803 
322.210804 
322.210804 
322.210805 
322.210806 
322.210807 
322.210808 
322.210810 
322.210813 
322.210816 
322.210820 
322.210825 
322.210831 
322.210838 
322.210847 
322.210859 
322.210875 
322.210895 
322.210919 
322.210950 
322.210988 
322.211036 
322.262056 
322.262056 
322.262056 
322.262056 
322.262056 
322.262056 
322.262056 
322.262056 
322.262056 
322.262056 
322.262056 
322.262056 
322.262056 
322.262056 
322.262056 
322.262056 
322.262056 
322.262056 
322.262056 
322.262056 
322.262056 
322.262057 
322.262057 
322.262057 
322.262057 
322.262057 
322.262057 
322.262058 
322.262058 
322.262059 
322.262059 
322.262060 
322.262061 
322.262062 
322.262064 
322.262065 
322.262068 
322.262071 
322.262075 
322.262080 
322.262086 
322.262094 
322.262103 
322.262115 
322.262131 
322.262152 
322.262178 
322.262210 
322.262250 
322.262299 
322.313311 
322.313311 
322.313311 
322.313311 
322.313311 
322.313311 
322.313311 
322.313311 
322.313311 
322.313311 
322.313311 
322.313311 
322.313311 
322.313311 
322.313311 
322.313311 
322.313311 
322.313311 
322.313311 
322.313311 
322.313312 
322.313312 
322.313312 
322.313312 
322.313312 
322.313312 
322.313312 
322.313313 
322.313313 
322.313314 
322.313314 
322.313315 
322.313316 
322.313317 
322.313319 
322.313320 
322.313323 
322.313326 
322.313330 
322.313335 
322.313341 
322.313349 
322.313359 
322.313371 
322.313388 
322.313409 
322.313435 
322.313469 
322.313510 
322.313562 
322.364566 
322.364566 
322.364566 
322.364566 
322.364566 
322.364566 
322.364566 
322.364566 
322.364566 
322.364566 
322.364566 
322.364566 
322.364566 
322.364566 
322.364566 
322.364566 
322.364566 
322.364566 
322.364567 
322.364567 
322.364567 
322.364567 
322.364567 
322.364567 
322.364567 
322.364567 
322.364567 
322.364568 
322.364568 
322.364569 
322.364569 
322.364570 
322.364571 
322.364572 
322.364574 
322.364575 
322.364578 
322.364581 
322.364585 
322.364590 
322.364596 
322.364604 
322.364614 
322.364627 
322.364643 
322.364665 
322.364692 
322.364727 
322.364769 
322.364822 
322.415821 
322.415821 
322.415821 
322.415821 
322.415821 
322.415821 
322.415821 
322.415821 
322.415821 
322.415821 
322.415821 
322.415821 
322.415821 
322.415821 
322.415821 
322.415821 
322.415821 
322.415822 
322.415822 
322.415822 
322.415822 
322.415822 
322.415822 
322.415822 
322.415822 
322.415822 
322.415822 
322.415823 
322.415823 
322.415824 
322.415824 
322.415825 
322.415826 
322.415827 
322.415828 
322.415830 
322.415833 
322.415836 
322.415840 
322.415845 
322.415851 
322.415859 
322.415869 
322.415881 
322.415898 
322.415920 
322.415948 
322.415983 
322.416026 
322.416080 
322.467076 
322.467076 
322.467076 
322.467076 
322.467076 
322.467076 
322.467076 
322.467076 
322.467076 
322.467076 
322.467076 
322.467076 
322.467076 
322.467077 
322.467077 
322.467077 
322.467077 
322.467077 
322.467077 
322.467077 
322.467077 
322.467077 
322.467077 
322.467077 
322.467077 
322.467077 
322.467078 
322.467078 
322.467078 
322.467079 
322.467079 
322.467080 
322.467081 
322.467082 
322.467083 
322.467085 
322.467087 
322.467091 
322.467094 
322.467099 
322.467106 
322.467113 
322.467123 
322.467136 
322.467152 
322.467174 
322.467202 
322.467237 
322.467280 
322.467335 
322.518332 
322.518332 
322.518332 
322.518332 
322.518332 
322.518332 
322.518332 
322.518332 
322.518332 
322.518332 
322.518332 
322.518332 
322.518332 
322.518332 
322.518332 
322.518332 
322.518332 
322.518332 
322.518332 
322.518332 
322.518332 
322.518332 
322.518332 
322.518332 
322.518332 
322.518332 
322.518333 
322.518333 
322.518333 
322.518334 
322.518334 
322.518335 
322.518336 
322.518337 
322.518338 
322.518340 
322.518342 
322.518345 
322.518349 
322.518354 
322.518360 
322.518367 
322.518377 
322.518389 
322.518405 
322.518427 
322.518454 
322.518488 
322.518531 
322.518585 
322.569587 
322.569587 
322.569587 
322.569587 
322.569587 
322.569587 
322.569587 
322.569587 
322.569587 
322.569587 
322.569587 
322.569587 
322.569587 
322.569587 
322.569587 
322.569587 
322.569587 
322.569587 
322.569587 
322.569587 
322.569587 
322.569587 
322.569587 
322.569587 
322.569587 
322.569587 
322.569588 
322.569588 
322.569588 
322.569589 
322.569589 
322.569590 
322.569591 
322.569592 
322.569593 
322.569594 
322.569597 
322.569599 
322.569603 
322.569608 
322.569614 
322.569621 
322.569630 
322.569642 
322.569657 
322.569678 
322.569704 
322.569738 
322.569779 
322.569831 
322.620842 
322.620842 
322.620842 
322.620842 
322.620842 
322.620842 
322.620842 
322.620842 
322.620842 
322.620842 
322.620842 
322.620842 
322.620842 
322.620842 
322.620842 
322.620842 
322.620842 
322.620842 
322.620842 
322.620842 
322.620842 
322.620842 
322.620842 
322.620842 
322.620842 
322.620842 
322.620843 
322.620843 
322.620843 
322.620844 
322.620844 
322.620845 
322.620845 
322.620846 
322.620847 
322.620849 
322.620851 
322.620854 
322.620857 
322.620861 
322.620867 
322.620874 
322.620882 
322.620893 
322.620908 
322.620928 
322.620952 
322.620984 
322.621023 
322.621073 
322.672097 
322.672097 
322.672097 
322.672097 
322.672097 
322.672097 
322.672097 
322.672097 
322.672097 
322.672097 
322.672097 
322.672097 
322.672097 
322.672097 
322.672097 
322.672097 
322.672097 
322.672097 
322.672097 
322.672097 
322.672097 
322.672097 
322.672097 
322.672097 
322.672097 
322.672097 
322.672098 
322.672098 
322.672098 
322.672098 
322.672099 
322.672099 
322.672100 
322.672101 
322.672102 
322.672103 
322.672105 
322.672108 
322.672111 
322.672115 
322.672120 
322.672126 
322.672134 
322.672144 
322.672158 
322.672176 
322.672199 
322.672227 
322.672263 
322.672309 
