322.096364 
322.097708 
322.096739 
322.088140 
322.057743 
322.102946 
322.102946 
322.102967 
322.102982 
322.102992 
322.103001 
322.103010 
322.103022 
322.103039 
322.103064 
322.103097 
322.103142 
322.103201 
322.103276 
322.103370 
322.103484 
322.103623 
322.103798 
322.104018 
322.104291 
322.104629 
322.105043 
322.105554 
322.106187 
322.106963 
322.107907 
322.109051 
322.110436 
322.112100 
322.114086 
322.116430 
322.119170 
322.122344 
322.125957 
322.129986 
322.134394 
322.139055 
322.143786 
322.148334 
322.152333 
322.155398 
322.157132 
322.157331 
322.156122 
322.154183 
322.156089 
322.158348 
322.161099 
322.161742 
322.158539 
322.154466 
322.154466 
322.154486 
322.154501 
322.154512 
322.154520 
322.154530 
322.154542 
322.154559 
322.154583 
322.154616 
322.154662 
322.154721 
322.154797 
322.154891 
322.155006 
322.155147 
322.155323 
322.155546 
322.155824 
322.156167 
322.156589 
322.157112 
322.157760 
322.158559 
322.159534 
322.160721 
322.162165 
322.163913 
322.166011 
322.168509 
322.171461 
322.174920 
322.178915 
322.183455 
322.188534 
322.194064 
322.199901 
322.205814 
322.211436 
322.216321 
322.219918 
322.221731 
322.221471 
322.219393 
322.225880 
322.228409 
322.235793 
322.249390 
322.274562 
322.205985 
322.205985 
322.206006 
322.206021 
322.206031 
322.206040 
322.206049 
322.206061 
322.206078 
322.206102 
322.206136 
322.206181 
322.206241 
322.206317 
322.206413 
322.206529 
322.206672 
322.206853 
322.207080 
322.207366 
322.207719 
322.208155 
322.208698 
322.209377 
322.210217 
322.211249 
322.212515 
322.214072 
322.215976 
322.218285 
322.221075 
322.224430 
322.228434 
322.233164 
322.238692 
322.245080 
322.252321 
322.260360 
322.269038 
322.278021 
322.286801 
322.294601 
322.300415 
322.303137 
322.301965 
322.310668 
322.310623 
322.318587 
322.341505 
322.381965 
322.257503 
322.257503 
322.257525 
322.257540 
322.257551 
322.257559 
322.257568 
322.257580 
322.257596 
322.257620 
322.257654 
322.257700 
322.257761 
322.257838 
322.257935 
322.258053 
322.258199 
322.258384 
322.258618 
322.258913 
322.259280 
322.259735 
322.260306 
322.261024 
322.261921 
322.263030 
322.264404 
322.266114 
322.268233 
322.270835 
322.274030 
322.277948 
322.282717 
322.288486 
322.295423 
322.303696 
322.313435 
322.324746 
322.337623 
322.351872 
322.367029 
322.382175 
322.395777 
322.405654 
322.409155 
322.420294 
322.414206 
322.413026 
322.433719 
322.480201 
322.309022 
322.309022 
322.309045 
322.309060 
322.309071 
322.309079 
322.309087 
322.309099 
322.309115 
322.309139 
322.309172 
322.309219 
322.309280 
322.309358 
322.309456 
322.309576 
322.309725 
322.309914 
322.310156 
322.310462 
322.310844 
322.311320 
322.311922 
322.312686 
322.313648 
322.314846 
322.316346 
322.318236 
322.320608 
322.323556 
322.327235 
322.331827 
322.337521 
322.344557 
322.353233 
322.363858 
322.376768 
322.392316 
322.410774 
322.432275 
322.456634 
322.483106 
322.509945 
322.534061 
322.550525 
322.570359 
322.559440 
322.537113 
322.532174 
322.574951 
322.360541 
322.360541 
322.360564 
322.360579 
322.360590 
322.360598 
322.360606 
322.360617 
322.360633 
322.360656 
322.360690 
322.360736 
322.360797 
322.360876 
322.360975 
322.361097 
322.361248 
322.361442 
322.361690 
322.362006 
322.362403 
322.362899 
322.363532 
322.364342 
322.365371 
322.366660 
322.368290 
322.370368 
322.373005 
322.376320 
322.380514 
322.385833 
322.392531 
322.400956 
322.411568 
322.424845 
322.441399 
322.461924 
322.487121 
322.517694 
322.554097 
322.596306 
322.643127 
322.691474 
322.734871 
322.779805 
322.779279 
322.734455 
322.667384 
322.670232 
322.412060 
322.412060 
322.412083 
322.412098 
322.412109 
322.412117 
322.412124 
322.412134 
322.412150 
322.412173 
322.412206 
322.412252 
322.412313 
322.412392 
322.412491 
322.412614 
322.412767 
322.412963 
322.413216 
322.413540 
322.413949 
322.414462 
322.415121 
322.415972 
322.417059 
322.418432 
322.420180 
322.422433 
322.425320 
322.428982 
322.433671 
322.439698 
322.447382 
322.457191 
322.469761 
322.485761 
322.506134 
322.531995 
322.564620 
322.605537 
322.656259 
322.718185 
322.791838 
322.875915 
322.964961 
323.063215 
323.111924 
323.079429 
322.928758 
322.783061 
322.463578 
322.463578 
322.463601 
322.463617 
322.463627 
322.463634 
322.463642 
322.463651 
322.463666 
322.463688 
322.463720 
322.463766 
322.463826 
322.463904 
322.464003 
322.464125 
322.464278 
322.464474 
322.464730 
322.465058 
322.465473 
322.465997 
322.466674 
322.467553 
322.468684 
322.470120 
322.471961 
322.474353 
322.477445 
322.481396 
322.486503 
322.493139 
322.501686 
322.512727 
322.527073 
322.545587 
322.569568 
322.600590 
322.640602 
322.692146 
322.758158 
322.842132 
322.947607 
323.077381 
323.231263 
323.418268 
323.579422 
323.656050 
323.500825 
323.032701 
322.515096 
322.515096 
322.515119 
322.515134 
322.515144 
322.515151 
322.515158 
322.515167 
322.515181 
322.515202 
322.515233 
322.515277 
322.515336 
322.515413 
322.515510 
322.515629 
322.515779 
322.515974 
322.516227 
322.516554 
322.516969 
322.517494 
322.518176 
322.519067 
322.520219 
322.521687 
322.523581 
322.526058 
322.529281 
322.533423 
322.538819 
322.545890 
322.555070 
322.567038 
322.582762 
322.603274 
322.630207 
322.665574 
322.712000 
322.773088 
322.853367 
322.958813 
323.096939 
323.276687 
323.507634 
323.813260 
324.156209 
324.492985 
324.610603 
323.907190 
322.566614 
322.566614 
322.566637 
322.566651 
322.566661 
322.566667 
322.566673 
322.566682 
322.566695 
322.566715 
322.566745 
322.566787 
322.566843 
322.566917 
322.567010 
322.567125 
322.567271 
322.567459 
322.567706 
322.568025 
322.568431 
322.568946 
322.569618 
322.570499 
322.571642 
322.573104 
322.574998 
322.577490 
322.580746 
322.584950 
322.590458 
322.597722 
322.607208 
322.619664 
322.636163 
322.657864 
322.686652 
322.724886 
322.775748 
322.843754 
322.934873 
323.057448 
323.223064 
323.447515 
323.752591 
324.183417 
324.746086 
325.476107 
326.284996 
326.366312 
322.618132 
322.618132 
322.618153 
322.618167 
322.618176 
322.618182 
322.618188 
322.618195 
322.618207 
322.618226 
322.618254 
322.618293 
322.618346 
322.618416 
322.618504 
322.618613 
322.618750 
322.618929 
322.619163 
322.619467 
322.619855 
322.620347 
322.620990 
322.621837 
322.622939 
322.624351 
322.626186 
322.628609 
322.631784 
322.635897 
322.641307 
322.648474 
322.657869 
322.670265 
322.686779 
322.708620 
322.737800 
322.776854 
322.829286 
322.900161 
322.996386 
323.127930 
323.309399 
323.562037 
323.918209 
324.443668 
325.193463 
326.317019 
328.043377 
330.556869 
322.669650 
322.669650 
322.669669 
322.669682 
322.669690 
322.669696 
322.669701 
322.669708 
322.669719 
322.669736 
322.669761 
322.669797 
322.669846 
322.669910 
322.669991 
322.670091 
322.670218 
322.670383 
322.670600 
322.670881 
322.671239 
322.671695 
322.672292 
322.673080 
322.674105 
322.675421 
322.677133 
322.679398 
322.682372 
322.686231 
322.691316 
322.698068 
322.706938 
322.718671 
322.734349 
322.755143 
322.783030 
322.820505 
322.871058 
322.939784 
323.033738 
323.163254 
323.343858 
323.598781 
323.964898 
324.517302 
325.339731 
326.656252 
328.960697 
333.829954 
353.150000 
321.954526 
321.954526 
321.954526 
321.954526 
321.954526 
321.954526 
321.954526 
321.954526 
321.954526 
321.954526 
321.954526 
321.954526 
321.954526 
321.954526 
321.954526 
321.954526 
321.954526 
321.954526 
321.954526 
321.954526 
321.954526 
321.954526 
321.954526 
321.954526 
321.954527 
321.954527 
321.954527 
321.954527 
321.954528 
321.954528 
321.954529 
321.954530 
321.954530 
321.954532 
321.954533 
321.954535 
321.954537 
321.954540 
321.954543 
321.954548 
321.954554 
321.954561 
321.954569 
321.954580 
321.954593 
321.954610 
321.954632 
321.954658 
321.954690 
321.954729 
322.005781 
322.005781 
322.005781 
322.005781 
322.005781 
322.005781 
322.005781 
322.005781 
322.005781 
322.005781 
322.005781 
322.005781 
322.005781 
322.005781 
322.005781 
322.005781 
322.005781 
322.005781 
322.005781 
322.005781 
322.005781 
322.005781 
322.005781 
322.005781 
322.005782 
322.005782 
322.005782 
322.005782 
322.005783 
322.005783 
322.005784 
322.005785 
322.005786 
322.005787 
322.005788 
322.005790 
322.005792 
322.005795 
322.005799 
322.005803 
322.005809 
322.005816 
322.005824 
322.005835 
322.005849 
322.005866 
322.005888 
322.005914 
322.005947 
322.005987 
322.057036 
322.057036 
322.057036 
322.057036 
322.057036 
322.057036 
322.057036 
322.057036 
322.057036 
322.057036 
322.057036 
322.057036 
322.057036 
322.057036 
322.057036 
322.057036 
322.057036 
322.057036 
322.057036 
322.057036 
322.057036 
322.057036 
322.057036 
322.057037 
322.057037 
322.057037 
322.057037 
322.057037 
322.057038 
322.057038 
322.057039 
322.057040 
322.057041 
322.057042 
322.057043 
322.057045 
322.057047 
322.057050 
322.057054 
322.057059 
322.057064 
322.057071 
322.057080 
322.057091 
322.057105 
322.057123 
322.057145 
322.057172 
322.057206 
322.057247 
322.108291 
322.108291 
322.108291 
322.108291 
322.108291 
322.108291 
322.108291 
322.108291 
322.108291 
322.108291 
322.108291 
322.108291 
322.108291 
322.108291 
322.108291 
322.108291 
322.108291 
322.108291 
322.108291 
322.108291 
322.108291 
322.108291 
322.108291 
322.108292 
322.108292 
322.108292 
322.108292 
322.108292 
322.108293 
322.108293 
322.108294 
322.108295 
322.108296 
322.108297 
322.108298 
322.108300 
322.108302 
322.108305 
322.108309 
322.108314 
322.108320 
322.108327 
322.108336 
322.108347 
322.108361 
322.108380 
322.108403 
322.108431 
322.108466 
322.108509 
322.159546 
322.159546 
322.159546 
322.159546 
322.159546 
322.159546 
322.159546 
322.159546 
322.159546 
322.159546 
322.159546 
322.159546 
322.159546 
322.159546 
322.159546 
322.159546 
322.159546 
322.159546 
322.159546 
322.159546 
322.159546 
322.159546 
322.159547 
322.159547 
322.159547 
322.159547 
322.159547 
322.159548 
322.159548 
322.159548 
322.159549 
322.159550 
322.159551 
322.159552 
322.159553 
322.159555 
322.159558 
322.159561 
322.159564 
322.159569 
322.159575 
322.159583 
322.159592 
322.159603 
322.159618 
322.159637 
322.159661 
322.159691 
322.159727 
322.159772 
322.210801 
322.210801 
322.210801 
322.210801 
322.210801 
322.210801 
322.210801 
322.210801 
322.210801 
322.210801 
322.210801 
322.210801 
322.210801 
322.210801 
322.210801 
322.210801 
322.210801 
322.210801 
322.210801 
322.210801 
322.210801 
322.210802 
322.210802 
322.210802 
322.210802 
322.210802 
322.210802 
322.210803 
322.210803 
322.210804 
322.210804 
322.210805 
322.210806 
322.210807 
322.210808 
322.210810 
322.210813 
322.210816 
322.210820 
322.210825 
322.210831 
322.210838 
322.210847 
322.210859 
322.210875 
322.210895 
322.210919 
322.210950 
322.210988 
322.211036 
322.262056 
322.262056 
322.262056 
322.262056 
322.262056 
322.262056 
322.262056 
322.262056 
322.262056 
322.262056 
322.262056 
322.262056 
322.262056 
322.262056 
322.262056 
322.262056 
322.262056 
322.262056 
322.262056 
322.262056 
322.262056 
322.262057 
322.262057 
322.262057 
322.262057 
322.262057 
322.262057 
322.262058 
322.262058 
322.262059 
322.262059 
322.262060 
322.262061 
322.262062 
322.262064 
322.262065 
322.262068 
322.262071 
322.262075 
322.262080 
322.262086 
322.262094 
322.262103 
322.262115 
322.262131 
322.262152 
322.262178 
322.262210 
322.262250 
322.262299 
322.313311 
322.313311 
322.313311 
322.313311 
322.313311 
322.313311 
322.313311 
322.313311 
322.313311 
322.313311 
322.313311 
322.313311 
322.313311 
322.313311 
322.313311 
322.313311 
322.313311 
322.313311 
322.313311 
322.313311 
322.313312 
322.313312 
322.313312 
322.313312 
322.313312 
322.313312 
322.313312 
322.313313 
322.313313 
322.313314 
322.313314 
322.313315 
322.313316 
322.313317 
322.313319 
322.313320 
322.313323 
322.313326 
322.313330 
322.313335 
322.313341 
322.313349 
322.313359 
322.313371 
322.313388 
322.313409 
322.313435 
322.313469 
322.313510 
322.313562 
322.364566 
322.364566 
322.364566 
322.364566 
322.364566 
322.364566 
322.364566 
322.364566 
322.364566 
322.364566 
322.364566 
322.364566 
322.364566 
322.364566 
322.364566 
322.364566 
322.364566 
322.364566 
322.364567 
322.364567 
322.364567 
322.364567 
322.364567 
322.364567 
322.364567 
322.364567 
322.364567 
322.364568 
322.364568 
322.364569 
322.364569 
322.364570 
322.364571 
322.364572 
322.364574 
322.364575 
322.364578 
322.364581 
322.364585 
322.364590 
322.364596 
322.364604 
322.364614 
322.364627 
322.364643 
322.364665 
322.364692 
322.364727 
322.364769 
322.364822 
322.415821 
322.415821 
322.415821 
322.415821 
322.415821 
322.415821 
322.415821 
322.415821 
322.415821 
322.415821 
322.415821 
322.415821 
322.415821 
322.415821 
322.415821 
322.415821 
322.415821 
322.415822 
322.415822 
322.415822 
322.415822 
322.415822 
322.415822 
322.415822 
322.415822 
322.415822 
322.415822 
322.415823 
322.415823 
322.415824 
322.415824 
322.415825 
322.415826 
322.415827 
322.415828 
322.415830 
322.415833 
322.415836 
322.415840 
322.415845 
322.415851 
322.415859 
322.415869 
322.415881 
322.415898 
322.415920 
322.415948 
322.415983 
322.416026 
322.416080 
322.467076 
322.467076 
322.467076 
322.467076 
322.467076 
322.467076 
322.467076 
322.467076 
322.467076 
322.467076 
322.467076 
322.467076 
322.467076 
322.467077 
322.467077 
322.467077 
322.467077 
322.467077 
322.467077 
322.467077 
322.467077 
322.467077 
322.467077 
322.467077 
322.467077 
322.467077 
322.467078 
322.467078 
322.467078 
322.467079 
322.467079 
322.467080 
322.467081 
322.467082 
322.467083 
322.467085 
322.467087 
322.467091 
322.467094 
322.467099 
322.467106 
322.467113 
322.467123 
322.467136 
322.467152 
322.467174 
322.467202 
322.467237 
322.467280 
322.467335 
322.518332 
322.518332 
322.518332 
322.518332 
322.518332 
322.518332 
322.518332 
322.518332 
322.518332 
322.518332 
322.518332 
322.518332 
322.518332 
322.518332 
322.518332 
322.518332 
322.518332 
322.518332 
322.518332 
322.518332 
322.518332 
322.518332 
322.518332 
322.518332 
322.518332 
322.518332 
322.518333 
322.518333 
322.518333 
322.518334 
322.518334 
322.518335 
322.518336 
322.518337 
322.518338 
322.518340 
322.518342 
322.518345 
322.518349 
322.518354 
322.518360 
322.518367 
322.518377 
322.518389 
322.518405 
322.518427 
322.518454 
322.518488 
322.518531 
322.518585 
322.569587 
322.569587 
322.569587 
322.569587 
322.569587 
322.569587 
322.569587 
322.569587 
322.569587 
322.569587 
322.569587 
322.569587 
322.569587 
322.569587 
322.569587 
322.569587 
322.569587 
322.569587 
322.569587 
322.569587 
322.569587 
322.569587 
322.569587 
322.569587 
322.569587 
322.569587 
322.569588 
322.569588 
322.569588 
322.569589 
322.569589 
322.569590 
322.569591 
322.569592 
322.569593 
322.569594 
322.569597 
322.569599 
322.569603 
322.569608 
322.569614 
322.569621 
322.569630 
322.569642 
322.569657 
322.569678 
322.569704 
322.569738 
322.569779 
322.569831 
322.620842 
322.620842 
322.620842 
322.620842 
322.620842 
322.620842 
322.620842 
322.620842 
322.620842 
322.620842 
322.620842 
322.620842 
322.620842 
322.620842 
322.620842 
322.620842 
322.620842 
322.620842 
322.620842 
322.620842 
322.620842 
322.620842 
322.620842 
322.620842 
322.620842 
322.620842 
322.620843 
322.620843 
322.620843 
322.620844 
322.620844 
322.620845 
322.620845 
322.620846 
322.620847 
322.620849 
322.620851 
322.620854 
322.620857 
322.620861 
322.620867 
322.620874 
322.620882 
322.620893 
322.620908 
322.620928 
322.620952 
322.620984 
322.621023 
322.621073 
322.672097 
322.672097 
322.672097 
322.672097 
322.672097 
322.672097 
322.672097 
322.672097 
322.672097 
322.672097 
322.672097 
322.672097 
322.672097 
322.672097 
322.672097 
322.672097 
322.672097 
322.672097 
322.672097 
322.672097 
322.672097 
322.672097 
322.672097 
322.672097 
322.672097 
322.672097 
322.672098 
322.672098 
322.672098 
322.672098 
322.672099 
322.672099 
322.672100 
322.672101 
322.672102 
322.672103 
322.672105 
322.672108 
322.672111 
322.672115 
322.672120 
322.672126 
322.672134 
322.672144 
322.672158 
322.672176 
322.672199 
322.672227 
322.672263 
322.672309 
