322.353711 
322.353747 
322.353770 
322.353785 
322.353796 
322.353807 
322.353822 
322.353844 
322.353878 
322.353927 
322.353996 
322.354088 
322.354207 
322.354358 
322.354544 
322.354777 
322.355075 
322.355462 
322.355956 
322.356580 
322.357364 
322.358368 
322.359660 
322.361308 
322.363383 
322.366013 
322.369377 
322.373655 
322.379043 
322.385860 
322.394502 
322.405366 
322.418983 
322.436034 
322.457217 
322.483341 
322.515282 
322.553779 
322.599339 
322.651812 
322.709857 
322.769791 
322.824461 
322.861138 
322.860286 
322.798216 
322.663398 
322.500067 
322.420500 
322.404386 
322.405676 
322.405711 
322.405734 
322.405749 
322.405760 
322.405771 
322.405786 
322.405807 
322.405841 
322.405890 
322.405958 
322.406049 
322.406167 
322.406316 
322.406500 
322.406730 
322.407025 
322.407408 
322.407897 
322.408514 
322.409290 
322.410284 
322.411564 
322.413197 
322.415254 
322.417862 
322.421202 
322.425455 
322.430815 
322.437611 
322.446245 
322.457126 
322.470813 
322.488036 
322.509550 
322.536299 
322.569346 
322.609745 
322.658522 
322.716331 
322.783102 
322.857104 
322.933914 
323.004195 
323.050796 
323.045341 
322.948016 
322.732963 
322.520909 
322.456441 
322.457641 
322.457675 
322.457698 
322.457712 
322.457723 
322.457733 
322.457748 
322.457769 
322.457801 
322.457849 
322.457915 
322.458004 
322.458120 
322.458265 
322.458445 
322.458669 
322.458958 
322.459331 
322.459809 
322.460413 
322.461170 
322.462143 
322.463395 
322.464995 
322.467010 
322.469570 
322.472853 
322.477041 
322.482331 
322.489058 
322.497642 
322.508507 
322.522258 
322.539710 
322.561715 
322.589453 
322.624312 
322.667896 
322.722154 
322.789168 
322.871158 
322.969990 
323.086491 
323.218579 
323.356932 
323.474633 
323.503008 
323.297101 
322.772515 
322.508495 
322.509605 
322.509638 
322.509660 
322.509674 
322.509684 
322.509694 
322.509708 
322.509728 
322.509760 
322.509805 
322.509869 
322.509955 
322.510066 
322.510206 
322.510379 
322.510595 
322.510873 
322.511233 
322.511693 
322.512275 
322.513005 
322.513944 
322.515154 
322.516700 
322.518650 
322.521130 
322.524319 
322.528397 
322.533559 
322.540152 
322.548607 
322.559365 
322.573085 
322.590674 
322.613096 
322.641804 
322.678567 
322.725644 
322.786084 
322.863702 
322.963532 
323.092009 
323.257013 
323.467399 
323.729808 
324.037613 
324.334773 
324.407160 
323.650970 
322.560550 
322.561569 
322.561600 
322.561621 
322.561634 
322.561644 
322.561654 
322.561666 
322.561686 
322.561716 
322.561759 
322.561819 
322.561901 
322.562006 
322.562139 
322.562303 
322.562507 
322.562771 
322.563112 
322.563550 
322.564102 
322.564796 
322.565688 
322.566839 
322.568311 
322.570170 
322.572538 
322.575590 
322.579502 
322.584466 
322.590831 
322.599038 
322.609534 
322.623019 
322.640474 
322.662955 
322.692154 
322.730176 
322.779871 
322.845294 
322.931883 
323.047349 
323.202656 
323.413075 
323.700144 
324.092850 
324.625639 
325.320206 
326.085836 
326.113717 
322.612603 
322.613533 
322.613562 
322.613581 
322.613593 
322.613603 
322.613611 
322.613623 
322.613641 
322.613669 
322.613710 
322.613766 
322.613842 
322.613940 
322.614063 
322.614216 
322.614407 
322.614653 
322.614972 
322.615380 
322.615895 
322.616543 
322.617376 
322.618452 
322.619830 
322.621570 
322.623791 
322.626658 
322.630340 
322.635022 
322.641047 
322.648846 
322.658864 
322.671809 
322.688695 
322.710615 
322.739397 
322.777338 
322.827658 
322.895063 
322.986081 
323.110278 
323.281914 
323.521962 
323.862618 
324.354143 
325.077420 
326.168021 
327.852250 
330.310677 
322.664657 
322.665496 
322.665523 
322.665540 
322.665552 
322.665560 
322.665568 
322.665579 
322.665595 
322.665621 
322.665658 
322.665709 
322.665778 
322.665868 
322.665981 
322.666121 
322.666295 
322.666520 
322.666811 
322.667184 
322.667656 
322.668248 
322.669011 
322.669996 
322.671259 
322.672854 
322.674890 
322.677522 
322.680908 
322.685217 
322.690773 
322.697983 
322.707266 
322.719303 
322.735070 
322.755630 
322.782787 
322.818825 
322.866993 
322.932099 
323.020911 
323.143489 
323.315140 
323.558920 
323.911509 
324.433544 
325.232096 
326.518179 
328.782699 
333.597735 
353.150000 
