321.954658 
321.954690 
321.954729 
321.954778 
321.954838 
321.954914 
321.955006 
321.955118 
321.955254 
321.955421 
321.955624 
321.955871 
321.956167 
321.956521 
321.956945 
321.957449 
321.958044 
321.958742 
321.959552 
321.960485 
321.961551 
321.962754 
321.964092 
321.965561 
321.967149 
321.968836 
321.970597 
321.972413 
321.974263 
321.976156 
321.978123 
321.980238 
321.982589 
321.985218 
321.987973 
321.990282 
321.990830 
321.986980 
321.972874 
321.950493 
322.003842 
322.003842 
322.003857 
322.003868 
322.003877 
322.003885 
322.003893 
322.003904 
322.003918 
322.003938 
322.005914 
322.005947 
322.005987 
322.006036 
322.006099 
322.006176 
322.006271 
322.006385 
322.006526 
322.006698 
322.006909 
322.007166 
322.007475 
322.007847 
322.008294 
322.008828 
322.009463 
322.010211 
322.011088 
322.012106 
322.013281 
322.014620 
322.016127 
322.017804 
322.019643 
322.021624 
322.023724 
322.025909 
322.028148 
322.030423 
322.032737 
322.035151 
322.037767 
322.040734 
322.044141 
322.047830 
322.051107 
322.052472 
322.049529 
322.044229 
322.055185 
322.055185 
322.055200 
322.055212 
322.055220 
322.055228 
322.055236 
322.055247 
322.055262 
322.055282 
322.057172 
322.057206 
322.057247 
322.057298 
322.057363 
322.057444 
322.057543 
322.057664 
322.057812 
322.057995 
322.058221 
322.058497 
322.058831 
322.059236 
322.059727 
322.060321 
322.061032 
322.061880 
322.062885 
322.064072 
322.065460 
322.067069 
322.068916 
322.071014 
322.073364 
322.075953 
322.078761 
322.081739 
322.084831 
322.087971 
322.091102 
322.094225 
322.097435 
322.101002 
322.105396 
322.111196 
322.118848 
322.128535 
322.141556 
322.155434 
322.106528 
322.106528 
322.106544 
322.106556 
322.106565 
322.106572 
322.106580 
322.106591 
322.106606 
322.106626 
322.108431 
322.108466 
322.108509 
322.108563 
322.108631 
322.108716 
322.108822 
322.108951 
322.109110 
322.109309 
322.109555 
322.109859 
322.110229 
322.110681 
322.111236 
322.111915 
322.112737 
322.113729 
322.114924 
322.116356 
322.118061 
322.120074 
322.122432 
322.125172 
322.128314 
322.131863 
322.135814 
322.140109 
322.144669 
322.149366 
322.154044 
322.158575 
322.162935 
322.167384 
322.172688 
322.180262 
322.192056 
322.210092 
322.237132 
322.262092 
322.157870 
322.157870 
322.157888 
322.157900 
322.157909 
322.157917 
322.157925 
322.157935 
322.157950 
322.157970 
322.159691 
322.159727 
322.159772 
322.159829 
322.159901 
322.159993 
322.160106 
322.160245 
322.160418 
322.160635 
322.160907 
322.161245 
322.161660 
322.162171 
322.162806 
322.163592 
322.164555 
322.165730 
322.167167 
322.168918 
322.171035 
322.173580 
322.176623 
322.180232 
322.184465 
322.189368 
322.194972 
322.201234 
322.208080 
322.215321 
322.222690 
322.229842 
322.236463 
322.242490 
322.248559 
322.256572 
322.270056 
322.293391 
322.329722 
322.359439 
322.209213 
322.209213 
322.209232 
322.209244 
322.209254 
322.209261 
322.209269 
322.209280 
322.209294 
322.209315 
322.210950 
322.210988 
322.211036 
322.211096 
322.211173 
322.211271 
322.211393 
322.211543 
322.211731 
322.211969 
322.212270 
322.212647 
322.213112 
322.213692 
322.214419 
322.215328 
322.216454 
322.217844 
322.219568 
322.221699 
322.224312 
322.227504 
322.231392 
322.236092 
322.241722 
322.248399 
322.256228 
322.265232 
322.275394 
322.286517 
322.298260 
322.310021 
322.321033 
322.330486 
322.338108 
322.345191 
322.356060 
322.378385 
322.418625 
322.451498 
322.260556 
322.260556 
322.260576 
322.260589 
322.260598 
322.260606 
322.260614 
322.260624 
322.260638 
322.260660 
322.262210 
322.262250 
322.262299 
322.262363 
322.262445 
322.262550 
322.262680 
322.262842 
322.263046 
322.263306 
322.263637 
322.264055 
322.264574 
322.265225 
322.266051 
322.267095 
322.268398 
322.270022 
322.272064 
322.274619 
322.277790 
322.281723 
322.286593 
322.292580 
322.299891 
322.308757 
322.319402 
322.331995 
322.346668 
322.363334 
322.381706 
322.401019 
322.420038 
322.436891 
322.449458 
322.456540 
322.460627 
322.471885 
322.506669 
322.541795 
322.311899 
322.311899 
322.311919 
322.311934 
322.311943 
322.311951 
322.311958 
322.311968 
322.311982 
322.312004 
322.313469 
322.313510 
322.313562 
322.313629 
322.313715 
322.313826 
322.313965 
322.314138 
322.314357 
322.314638 
322.314999 
322.315457 
322.316029 
322.316752 
322.317677 
322.318856 
322.320340 
322.322206 
322.324577 
322.327578 
322.331342 
322.336072 
322.342017 
322.349434 
322.358651 
322.370059 
322.384055 
322.401058 
322.421475 
322.445521 
322.473214 
322.503931 
322.536268 
322.567422 
322.592908 
322.606973 
322.605447 
322.594300 
322.602512 
322.632269 
322.363241 
322.363241 
322.363263 
322.363278 
322.363287 
322.363295 
322.363302 
322.363311 
322.363326 
322.363347 
322.364727 
322.364769 
322.364822 
322.364892 
322.364982 
322.365098 
322.365245 
322.365427 
322.365659 
322.365960 
322.366348 
322.366841 
322.367462 
322.368251 
322.369269 
322.370575 
322.372230 
322.374328 
322.377019 
322.380459 
322.384812 
322.390346 
322.397395 
322.406302 
322.417546 
322.431717 
322.449443 
322.471504 
322.498727 
322.531885 
322.571649 
322.618098 
322.670389 
322.725700 
322.777903 
322.816073 
322.824412 
322.790274 
322.736401 
322.729563 
322.414584 
322.414584 
322.414606 
322.414621 
322.414631 
322.414638 
322.414645 
322.414654 
322.414668 
322.414689 
322.415983 
322.416026 
322.416080 
322.416152 
322.416245 
322.416365 
322.416517 
322.416706 
322.416949 
322.417264 
322.417673 
322.418196 
322.418857 
322.419701 
322.420798 
322.422214 
322.424017 
322.426319 
322.429296 
322.433133 
322.438027 
322.444311 
322.452408 
322.462754 
322.475993 
322.492947 
322.514514 
322.541936 
322.576588 
322.620074 
322.674116 
322.740223 
322.819234 
322.910121 
323.007711 
323.098813 
323.156125 
323.134295 
322.996831 
322.875320 
322.465926 
322.465926 
322.465949 
322.465964 
322.465974 
322.465981 
322.465987 
322.465996 
322.466009 
322.466030 
322.467237 
322.467280 
322.467335 
322.467407 
322.467501 
322.467623 
322.467778 
322.467972 
322.468220 
322.468545 
322.468968 
322.469511 
322.470199 
322.471082 
322.472236 
322.473734 
322.475650 
322.478109 
322.481312 
322.485470 
322.490807 
322.497718 
322.506711 
322.518310 
322.533326 
322.552820 
322.577971 
322.610542 
322.652536 
322.706595 
322.775830 
322.863891 
322.974553 
323.110931 
323.273110 
323.453005 
323.622662 
323.710119 
323.567565 
323.246029 
322.517268 
322.517268 
322.517291 
322.517306 
322.517316 
322.517322 
322.517328 
322.517336 
322.517349 
322.517369 
322.518488 
322.518531 
322.518585 
322.518657 
322.518751 
322.518872 
322.519027 
322.519221 
322.519470 
322.519797 
322.520225 
322.520776 
322.521475 
322.522377 
322.523560 
322.525102 
322.527083 
322.529635 
322.532980 
322.537346 
322.542981 
322.550328 
322.559965 
322.572489 
322.588861 
322.610351 
322.638401 
322.675277 
322.723604 
322.787125 
322.870479 
322.979891 
323.122987 
323.309086 
323.548080 
323.846902 
324.198315 
324.546054 
324.675764 
324.291902 
322.568610 
322.568610 
322.568633 
322.568647 
322.568656 
322.568662 
322.568668 
322.568675 
322.568688 
322.568707 
322.569738 
322.569779 
322.569831 
322.569901 
322.569992 
322.570111 
322.570262 
322.570451 
322.570696 
322.571018 
322.571440 
322.571985 
322.572677 
322.573573 
322.574752 
322.576294 
322.578280 
322.580848 
322.584229 
322.588662 
322.594405 
322.601936 
322.611874 
322.624866 
322.641976 
322.664629 
322.694463 
322.734141 
322.786796 
322.857123 
322.951130 
323.077513 
323.247837 
323.478324 
323.791138 
324.215619 
324.786689 
325.527556 
326.350385 
326.540895 
322.619952 
322.619952 
322.619973 
322.619987 
322.619995 
322.620001 
322.620006 
322.620013 
322.620025 
322.620043 
322.620984 
322.621023 
322.621073 
322.621138 
322.621225 
322.621338 
322.621482 
322.621663 
322.621896 
322.622205 
322.622609 
322.623132 
322.623798 
322.624661 
322.625799 
322.627292 
322.629218 
322.631715 
322.635012 
322.639348 
322.644982 
322.652397 
322.662226 
322.675126 
322.692204 
322.714950 
322.745091 
322.785504 
322.839598 
322.912649 
323.011544 
323.146686 
323.332549 
323.590833 
323.954318 
324.473971 
325.231970 
326.365834 
328.112189 
329.656336 
322.671293 
322.671293 
322.671313 
322.671326 
322.671334 
322.671339 
322.671343 
322.671350 
322.671360 
322.671377 
322.672227 
322.672263 
322.672309 
322.672370 
322.672450 
322.672554 
322.672687 
322.672855 
322.673071 
322.673357 
322.673732 
322.674218 
322.674836 
322.675639 
322.676700 
322.678092 
322.679891 
322.682224 
322.685311 
322.689379 
322.694671 
322.701650 
322.710921 
322.723117 
322.739307 
322.760938 
322.789696 
322.828418 
322.880484 
322.951209 
323.047589 
323.180424 
323.365050 
323.625144 
323.998004 
324.545162 
325.375320 
326.701408 
329.027260 
332.448053 
353.150000 
321.954526 
321.954526 
321.954526 
321.954526 
321.954526 
321.954526 
321.954526 
321.954526 
321.954526 
321.954526 
321.954526 
321.954526 
321.954526 
321.954526 
321.954526 
321.954526 
321.954526 
321.954526 
321.954526 
321.954526 
321.954526 
321.954526 
321.954526 
321.954526 
321.954527 
321.954527 
321.954527 
321.954527 
321.954528 
321.954528 
321.954529 
321.954530 
321.954530 
321.954532 
321.954533 
321.954535 
321.954537 
321.954540 
321.954543 
321.954548 
321.954554 
321.954561 
321.954569 
321.954580 
321.954593 
321.954610 
321.954632 
321.954658 
321.954690 
321.954729 
322.005781 
322.005781 
322.005781 
322.005781 
322.005781 
322.005781 
322.005781 
322.005781 
322.005781 
322.005781 
322.005781 
322.005781 
322.005781 
322.005781 
322.005781 
322.005781 
322.005781 
322.005781 
322.005781 
322.005781 
322.005781 
322.005781 
322.005781 
322.005781 
322.005782 
322.005782 
322.005782 
322.005782 
322.005783 
322.005783 
322.005784 
322.005785 
322.005786 
322.005787 
322.005788 
322.005790 
322.005792 
322.005795 
322.005799 
322.005803 
322.005809 
322.005816 
322.005824 
322.005835 
322.005849 
322.005866 
322.005888 
322.005914 
322.005947 
322.005987 
322.057036 
322.057036 
322.057036 
322.057036 
322.057036 
322.057036 
322.057036 
322.057036 
322.057036 
322.057036 
322.057036 
322.057036 
322.057036 
322.057036 
322.057036 
322.057036 
322.057036 
322.057036 
322.057036 
322.057036 
322.057036 
322.057036 
322.057036 
322.057037 
322.057037 
322.057037 
322.057037 
322.057037 
322.057038 
322.057038 
322.057039 
322.057040 
322.057041 
322.057042 
322.057043 
322.057045 
322.057047 
322.057050 
322.057054 
322.057059 
322.057064 
322.057071 
322.057080 
322.057091 
322.057105 
322.057123 
322.057145 
322.057172 
322.057206 
322.057247 
322.108291 
322.108291 
322.108291 
322.108291 
322.108291 
322.108291 
322.108291 
322.108291 
322.108291 
322.108291 
322.108291 
322.108291 
322.108291 
322.108291 
322.108291 
322.108291 
322.108291 
322.108291 
322.108291 
322.108291 
322.108291 
322.108291 
322.108291 
322.108292 
322.108292 
322.108292 
322.108292 
322.108292 
322.108293 
322.108293 
322.108294 
322.108295 
322.108296 
322.108297 
322.108298 
322.108300 
322.108302 
322.108305 
322.108309 
322.108314 
322.108320 
322.108327 
322.108336 
322.108347 
322.108361 
322.108380 
322.108403 
322.108431 
322.108466 
322.108509 
322.159546 
322.159546 
322.159546 
322.159546 
322.159546 
322.159546 
322.159546 
322.159546 
322.159546 
322.159546 
322.159546 
322.159546 
322.159546 
322.159546 
322.159546 
322.159546 
322.159546 
322.159546 
322.159546 
322.159546 
322.159546 
322.159546 
322.159547 
322.159547 
322.159547 
322.159547 
322.159547 
322.159548 
322.159548 
322.159548 
322.159549 
322.159550 
322.159551 
322.159552 
322.159553 
322.159555 
322.159558 
322.159561 
322.159564 
322.159569 
322.159575 
322.159583 
322.159592 
322.159603 
322.159618 
322.159637 
322.159661 
322.159691 
322.159727 
322.159772 
322.210801 
322.210801 
322.210801 
322.210801 
322.210801 
322.210801 
322.210801 
322.210801 
322.210801 
322.210801 
322.210801 
322.210801 
322.210801 
322.210801 
322.210801 
322.210801 
322.210801 
322.210801 
322.210801 
322.210801 
322.210801 
322.210802 
322.210802 
322.210802 
322.210802 
322.210802 
322.210802 
322.210803 
322.210803 
322.210804 
322.210804 
322.210805 
322.210806 
322.210807 
322.210808 
322.210810 
322.210813 
322.210816 
322.210820 
322.210825 
322.210831 
322.210838 
322.210847 
322.210859 
322.210875 
322.210895 
322.210919 
322.210950 
322.210988 
322.211036 
322.262056 
322.262056 
322.262056 
322.262056 
322.262056 
322.262056 
322.262056 
322.262056 
322.262056 
322.262056 
322.262056 
322.262056 
322.262056 
322.262056 
322.262056 
322.262056 
322.262056 
322.262056 
322.262056 
322.262056 
322.262056 
322.262057 
322.262057 
322.262057 
322.262057 
322.262057 
322.262057 
322.262058 
322.262058 
322.262059 
322.262059 
322.262060 
322.262061 
322.262062 
322.262064 
322.262065 
322.262068 
322.262071 
322.262075 
322.262080 
322.262086 
322.262094 
322.262103 
322.262115 
322.262131 
322.262152 
322.262178 
322.262210 
322.262250 
322.262299 
322.313311 
322.313311 
322.313311 
322.313311 
322.313311 
322.313311 
322.313311 
322.313311 
322.313311 
322.313311 
322.313311 
322.313311 
322.313311 
322.313311 
322.313311 
322.313311 
322.313311 
322.313311 
322.313311 
322.313311 
322.313312 
322.313312 
322.313312 
322.313312 
322.313312 
322.313312 
322.313312 
322.313313 
322.313313 
322.313314 
322.313314 
322.313315 
322.313316 
322.313317 
322.313319 
322.313320 
322.313323 
322.313326 
322.313330 
322.313335 
322.313341 
322.313349 
322.313359 
322.313371 
322.313388 
322.313409 
322.313435 
322.313469 
322.313510 
322.313562 
322.364566 
322.364566 
322.364566 
322.364566 
322.364566 
322.364566 
322.364566 
322.364566 
322.364566 
322.364566 
322.364566 
322.364566 
322.364566 
322.364566 
322.364566 
322.364566 
322.364566 
322.364566 
322.364567 
322.364567 
322.364567 
322.364567 
322.364567 
322.364567 
322.364567 
322.364567 
322.364567 
322.364568 
322.364568 
322.364569 
322.364569 
322.364570 
322.364571 
322.364572 
322.364574 
322.364575 
322.364578 
322.364581 
322.364585 
322.364590 
322.364596 
322.364604 
322.364614 
322.364627 
322.364643 
322.364665 
322.364692 
322.364727 
322.364769 
322.364822 
322.415821 
322.415821 
322.415821 
322.415821 
322.415821 
322.415821 
322.415821 
322.415821 
322.415821 
322.415821 
322.415821 
322.415821 
322.415821 
322.415821 
322.415821 
322.415821 
322.415821 
322.415822 
322.415822 
322.415822 
322.415822 
322.415822 
322.415822 
322.415822 
322.415822 
322.415822 
322.415822 
322.415823 
322.415823 
322.415824 
322.415824 
322.415825 
322.415826 
322.415827 
322.415828 
322.415830 
322.415833 
322.415836 
322.415840 
322.415845 
322.415851 
322.415859 
322.415869 
322.415881 
322.415898 
322.415920 
322.415948 
322.415983 
322.416026 
322.416080 
322.467076 
322.467076 
322.467076 
322.467076 
322.467076 
322.467076 
322.467076 
322.467076 
322.467076 
322.467076 
322.467076 
322.467076 
322.467076 
322.467077 
322.467077 
322.467077 
322.467077 
322.467077 
322.467077 
322.467077 
322.467077 
322.467077 
322.467077 
322.467077 
322.467077 
322.467077 
322.467078 
322.467078 
322.467078 
322.467079 
322.467079 
322.467080 
322.467081 
322.467082 
322.467083 
322.467085 
322.467087 
322.467091 
322.467094 
322.467099 
322.467106 
322.467113 
322.467123 
322.467136 
322.467152 
322.467174 
322.467202 
322.467237 
322.467280 
322.467335 
322.518332 
322.518332 
322.518332 
322.518332 
322.518332 
322.518332 
322.518332 
322.518332 
322.518332 
322.518332 
322.518332 
322.518332 
322.518332 
322.518332 
322.518332 
322.518332 
322.518332 
322.518332 
322.518332 
322.518332 
322.518332 
322.518332 
322.518332 
322.518332 
322.518332 
322.518332 
322.518333 
322.518333 
322.518333 
322.518334 
322.518334 
322.518335 
322.518336 
322.518337 
322.518338 
322.518340 
322.518342 
322.518345 
322.518349 
322.518354 
322.518360 
322.518367 
322.518377 
322.518389 
322.518405 
322.518427 
322.518454 
322.518488 
322.518531 
322.518585 
322.569587 
322.569587 
322.569587 
322.569587 
322.569587 
322.569587 
322.569587 
322.569587 
322.569587 
322.569587 
322.569587 
322.569587 
322.569587 
322.569587 
322.569587 
322.569587 
322.569587 
322.569587 
322.569587 
322.569587 
322.569587 
322.569587 
322.569587 
322.569587 
322.569587 
322.569587 
322.569588 
322.569588 
322.569588 
322.569589 
322.569589 
322.569590 
322.569591 
322.569592 
322.569593 
322.569594 
322.569597 
322.569599 
322.569603 
322.569608 
322.569614 
322.569621 
322.569630 
322.569642 
322.569657 
322.569678 
322.569704 
322.569738 
322.569779 
322.569831 
322.620842 
322.620842 
322.620842 
322.620842 
322.620842 
322.620842 
322.620842 
322.620842 
322.620842 
322.620842 
322.620842 
322.620842 
322.620842 
322.620842 
322.620842 
322.620842 
322.620842 
322.620842 
322.620842 
322.620842 
322.620842 
322.620842 
322.620842 
322.620842 
322.620842 
322.620842 
322.620843 
322.620843 
322.620843 
322.620844 
322.620844 
322.620845 
322.620845 
322.620846 
322.620847 
322.620849 
322.620851 
322.620854 
322.620857 
322.620861 
322.620867 
322.620874 
322.620882 
322.620893 
322.620908 
322.620928 
322.620952 
322.620984 
322.621023 
322.621073 
322.672097 
322.672097 
322.672097 
322.672097 
322.672097 
322.672097 
322.672097 
322.672097 
322.672097 
322.672097 
322.672097 
322.672097 
322.672097 
322.672097 
322.672097 
322.672097 
322.672097 
322.672097 
322.672097 
322.672097 
322.672097 
322.672097 
322.672097 
322.672097 
322.672097 
322.672097 
322.672098 
322.672098 
322.672098 
322.672098 
322.672099 
322.672099 
322.672100 
322.672101 
322.672102 
322.672103 
322.672105 
322.672108 
322.672111 
322.672115 
322.672120 
322.672126 
322.672134 
322.672144 
322.672158 
322.672176 
322.672199 
322.672227 
322.672263 
322.672309 
