322.119729 
322.152754 
322.152754 
322.152778 
322.152794 
322.152806 
322.152815 
322.152825 
322.152837 
322.152856 
322.152882 
322.152919 
322.152969 
322.153034 
322.153118 
322.153223 
322.153352 
322.153510 
322.153709 
322.153961 
322.154277 
322.154669 
322.155153 
322.155756 
322.156508 
322.157441 
322.158584 
322.159984 
322.161699 
322.163788 
322.166311 
322.169336 
322.172935 
322.177181 
322.182117 
322.187755 
322.194096 
322.201014 
322.208305 
322.215630 
322.222433 
322.228020 
322.231511 
322.232085 
322.229231 
322.223305 
322.216014 
322.210102 
322.206913 
322.201941 
322.216451 
322.204362 
322.204362 
322.204386 
322.204402 
322.204414 
322.204423 
322.204433 
322.204445 
322.204463 
322.204489 
322.204526 
322.204576 
322.204642 
322.204726 
322.204831 
322.204960 
322.205119 
322.205319 
322.205573 
322.205892 
322.206289 
322.206778 
322.207389 
322.208155 
322.209106 
322.210275 
322.211712 
322.213482 
322.215649 
322.218279 
322.221456 
322.225272 
322.229816 
322.235166 
322.241379 
322.248501 
322.256477 
322.265179 
322.274345 
322.283490 
322.291933 
322.298704 
322.302652 
322.302629 
322.297963 
322.289301 
322.279538 
322.273484 
322.273242 
322.328173 
322.255970 
322.255970 
322.255994 
322.256010 
322.256021 
322.256031 
322.256040 
322.256052 
322.256070 
322.256096 
322.256133 
322.256183 
322.256249 
322.256333 
322.256438 
322.256568 
322.256728 
322.256930 
322.257186 
322.257510 
322.257913 
322.258412 
322.259039 
322.259827 
322.260812 
322.262028 
322.263533 
322.265402 
322.267711 
322.270541 
322.274001 
322.278219 
322.283325 
322.289455 
322.296758 
322.305373 
322.315383 
322.326826 
322.339611 
322.353437 
322.367727 
322.381457 
322.393028 
322.400244 
322.400473 
322.391701 
322.375102 
322.359145 
322.358977 
322.433394 
322.307577 
322.307577 
322.307601 
322.307618 
322.307629 
322.307638 
322.307647 
322.307659 
322.307677 
322.307702 
322.307738 
322.307788 
322.307854 
322.307938 
322.308044 
322.308174 
322.308335 
322.308539 
322.308799 
322.309128 
322.309539 
322.310051 
322.310696 
322.311514 
322.312542 
322.313820 
322.315414 
322.317415 
322.319915 
322.323011 
322.326852 
322.331618 
322.337489 
322.344691 
322.353500 
322.364196 
322.377069 
322.392420 
322.410456 
322.431233 
322.454495 
322.479431 
322.504248 
322.525810 
322.539102 
322.537607 
322.516210 
322.480150 
322.458416 
322.531082 
322.359184 
322.359184 
322.359209 
322.359225 
322.359236 
322.359245 
322.359254 
322.359265 
322.359282 
322.359307 
322.359343 
322.359392 
322.359458 
322.359542 
322.359648 
322.359777 
322.359938 
322.360144 
322.360407 
322.360742 
322.361161 
322.361684 
322.362350 
322.363199 
322.364274 
322.365619 
322.367311 
322.369460 
322.372174 
322.375572 
322.379849 
322.385245 
322.392003 
322.400457 
322.411043 
322.424214 
322.440544 
322.460686 
322.485292 
322.515010 
322.550243 
322.590914 
322.635772 
322.681652 
322.721945 
322.745079 
322.734601 
322.677464 
322.596196 
322.627170 
322.410791 
322.410791 
322.410816 
322.410832 
322.410843 
322.410851 
322.410860 
322.410871 
322.410887 
322.410912 
322.410947 
322.410995 
322.411060 
322.411143 
322.411248 
322.411377 
322.411537 
322.411743 
322.412008 
322.412346 
322.412771 
322.413304 
322.413987 
322.414864 
322.415982 
322.417388 
322.419174 
322.421465 
322.424390 
322.428087 
322.432800 
322.438833 
322.446496 
322.456242 
322.468686 
322.484475 
322.504523 
322.529909 
322.561872 
322.601896 
322.651450 
322.711879 
322.783639 
322.865328 
322.951354 
323.027962 
323.067303 
323.023455 
322.859421 
322.740314 
322.462398 
322.462398 
322.462422 
322.462439 
322.462449 
322.462457 
322.462465 
322.462475 
322.462491 
322.462515 
322.462549 
322.462596 
322.462659 
322.462741 
322.462844 
322.462971 
322.463130 
322.463334 
322.463598 
322.463936 
322.464363 
322.464901 
322.465592 
322.466488 
322.467637 
322.469090 
322.470949 
322.473356 
322.476455 
322.480406 
322.485496 
322.492092 
322.500566 
322.511488 
322.525650 
322.543899 
322.567506 
322.598020 
322.637356 
322.688017 
322.752898 
322.835433 
322.939088 
323.066561 
323.217532 
323.383384 
323.535585 
323.601247 
323.432589 
322.990205 
322.514005 
322.514005 
322.514029 
322.514044 
322.514055 
322.514062 
322.514069 
322.514079 
322.514094 
322.514116 
322.514149 
322.514195 
322.514256 
322.514335 
322.514436 
322.514559 
322.514714 
322.514914 
322.515173 
322.515507 
322.515930 
322.516464 
322.517155 
322.518054 
322.519214 
322.520688 
322.522585 
322.525060 
322.528270 
322.532388 
322.537741 
322.544744 
322.553820 
322.565639 
322.581153 
322.601378 
322.627925 
322.662783 
322.708549 
322.768790 
322.847989 
322.952065 
323.088454 
323.266002 
323.494162 
323.779324 
324.113570 
324.439444 
324.543321 
323.864971 
322.565612 
322.565612 
322.565634 
322.565649 
322.565659 
322.565666 
322.565673 
322.565682 
322.565696 
322.565717 
322.565748 
322.565791 
322.565850 
322.565926 
322.566021 
322.566140 
322.566288 
322.566481 
322.566732 
322.567056 
322.567466 
322.567986 
322.568662 
322.569547 
322.570691 
322.572151 
322.574039 
322.576517 
322.579748 
322.583915 
322.589365 
322.596546 
322.605915 
322.618210 
322.634492 
322.655904 
322.684315 
322.722060 
322.772296 
322.839502 
322.929605 
323.050889 
323.214865 
323.437232 
323.739661 
324.150907 
324.705086 
325.424241 
326.219150 
326.324544 
322.617218 
322.617218 
322.617240 
322.617254 
322.617263 
322.617269 
322.617275 
322.617284 
322.617296 
322.617316 
322.617345 
322.617386 
322.617440 
322.617511 
322.617601 
322.617713 
322.617853 
322.618034 
322.618272 
322.618579 
322.618969 
322.619463 
322.620109 
322.620955 
322.622054 
322.623460 
322.625283 
322.627686 
322.630831 
322.634900 
322.640246 
322.647325 
322.656600 
322.668837 
322.685139 
322.706704 
322.735528 
322.774126 
322.825975 
322.896107 
322.991389 
323.121734 
323.301676 
323.552368 
323.906058 
324.413078 
325.154709 
326.267651 
327.980099 
330.516135 
322.668824 
322.668824 
322.668844 
322.668857 
322.668865 
322.668871 
322.668877 
322.668884 
322.668896 
322.668914 
322.668940 
322.668977 
322.669028 
322.669093 
322.669175 
322.669278 
322.669406 
322.669574 
322.669792 
322.670075 
322.670436 
322.670893 
322.671490 
322.672276 
322.673297 
322.674604 
322.676303 
322.678547 
322.681490 
322.685304 
322.690327 
322.696994 
322.705750 
322.717333 
322.732815 
322.753355 
322.780914 
322.817971 
322.867992 
322.936041 
323.029135 
323.157557 
323.336765 
323.589906 
323.953743 
324.489178 
325.303994 
326.610528 
328.901722 
333.791532 
353.150000 
