324.720230 
325.415114 
326.338697 
327.566106 
329.195407 
331.323267 
333.473508 
322.660387 
322.660387 
322.660400 
322.660407 
322.660409 
322.660409 
322.660406 
322.660404 
322.660404 
322.660407 
322.660414 
322.660427 
322.660447 
322.660477 
322.660517 
322.660569 
322.660640 
322.660745 
322.660899 
322.661117 
322.661413 
322.661818 
322.662404 
322.663256 
322.664457 
322.666098 
322.668411 
322.671750 
322.676475 
322.682998 
322.692253 
322.705470 
322.723922 
322.749898 
322.786857 
322.838580 
322.911765 
323.014995 
323.160363 
323.365628 
323.654923 
324.062801 
324.638305 
324.663790 
325.322848 
326.198827 
327.363201 
328.913045 
331.013196 
334.529409 
353.150000 
