322.557594 
322.557626 
322.557678 
322.557753 
322.557858 
322.557997 
322.558175 
322.558399 
322.558683 
322.559060 
322.559559 
322.560214 
322.561056 
322.562133 
322.563551 
322.565426 
322.567876 
322.571024 
322.575115 
322.580504 
322.587549 
322.596640 
322.608507 
322.624069 
322.644267 
322.670551 
322.704951 
322.749636 
322.807940 
322.883952 
322.982931 
323.112016 
323.280181 
323.499314 
323.784885 
324.156667 
324.639783 
325.263538 
326.051789 
326.974869 
327.740300 
326.929356 
322.608835 
322.608835 
322.608874 
322.608896 
322.608907 
322.608911 
322.608913 
322.608916 
322.609917 
322.609948 
322.609998 
322.610071 
322.610172 
322.610307 
322.610479 
322.610695 
322.610971 
322.611335 
322.611818 
322.612451 
322.613265 
322.614307 
322.615679 
322.617494 
322.619864 
322.622908 
322.626866 
322.632079 
322.638894 
322.647689 
322.659168 
322.674223 
322.693762 
322.719188 
322.752466 
322.795692 
322.852094 
322.925626 
323.021376 
323.146250 
323.308934 
323.520944 
323.797313 
324.157460 
324.626891 
325.239029 
326.038253 
327.086077 
328.477259 
330.329929 
322.661254 
322.661254 
322.661290 
322.661311 
322.661322 
322.661326 
322.661327 
322.661331 
322.662234 
322.662264 
322.662310 
322.662378 
322.662472 
322.662598 
322.662759 
322.662960 
322.663216 
322.663556 
322.664006 
322.664596 
322.665355 
322.666326 
322.667604 
322.669295 
322.671503 
322.674341 
322.678029 
322.682887 
322.689237 
322.697432 
322.708129 
322.722158 
322.740366 
322.764059 
322.795069 
322.835350 
322.887909 
322.956430 
323.045655 
323.162021 
323.313626 
323.511214 
323.768863 
324.104952 
324.544416 
325.123349 
325.903847 
327.031104 
328.962886 
333.465233 
353.150000 
