322.102967 
322.102982 
322.102992 
322.103001 
322.103010 
322.103022 
322.103039 
322.103064 
322.103097 
322.103142 
322.103201 
322.103276 
322.103370 
322.103484 
322.103623 
322.103798 
322.104018 
322.104291 
322.104629 
322.105043 
322.105554 
322.106187 
322.106963 
322.107907 
322.109051 
322.110436 
322.112100 
322.114086 
322.116430 
322.119170 
322.122344 
322.125957 
322.129986 
322.134394 
322.139055 
322.143786 
322.148334 
322.152333 
322.155398 
322.157132 
322.157331 
322.156122 
322.154183 
322.152629 
322.152203 
322.151524 
322.145203 
322.119729 
322.152754 
322.152754 
322.154486 
322.154501 
322.154512 
322.154520 
322.154530 
322.154542 
322.154559 
322.154583 
322.154616 
322.154662 
322.154721 
322.154797 
322.154891 
322.155006 
322.155147 
322.155323 
322.155546 
322.155824 
322.156167 
322.156589 
322.157112 
322.157760 
322.158559 
322.159534 
322.160721 
322.162165 
322.163913 
322.166011 
322.168509 
322.171461 
322.174920 
322.178915 
322.183455 
322.188534 
322.194064 
322.199901 
322.205814 
322.211436 
322.216321 
322.219918 
322.221731 
322.221471 
322.219393 
322.216617 
322.215031 
322.215948 
322.217504 
322.216451 
322.204362 
322.204362 
322.206006 
322.206021 
322.206031 
322.206040 
322.206049 
322.206061 
322.206078 
322.206102 
322.206136 
322.206181 
322.206241 
322.206317 
322.206413 
322.206529 
322.206672 
322.206853 
322.207080 
322.207366 
322.207719 
322.208155 
322.208698 
322.209377 
322.210217 
322.211249 
322.212515 
322.214072 
322.215976 
322.218285 
322.221075 
322.224430 
322.228434 
322.233164 
322.238692 
322.245080 
322.252321 
322.260360 
322.269038 
322.278021 
322.286801 
322.294601 
322.300415 
322.303137 
322.301965 
322.297326 
322.292188 
322.292472 
322.303437 
322.328173 
322.255970 
322.255970 
322.257525 
322.257540 
322.257551 
322.257559 
322.257568 
322.257580 
322.257596 
322.257620 
322.257654 
322.257700 
322.257761 
322.257838 
322.257935 
322.258053 
322.258199 
322.258384 
322.258618 
322.258913 
322.259280 
322.259735 
322.260306 
322.261024 
322.261921 
322.263030 
322.264404 
322.266114 
322.268233 
322.270835 
322.274030 
322.277948 
322.282717 
322.288486 
322.295423 
322.303696 
322.313435 
322.324746 
322.337623 
322.351872 
322.367029 
322.382175 
322.395777 
322.405654 
322.409155 
322.404358 
322.392892 
322.384317 
322.395494 
322.433394 
322.307577 
322.307577 
322.309045 
322.309060 
322.309071 
322.309079 
322.309087 
322.309099 
322.309115 
322.309139 
322.309172 
322.309219 
322.309280 
322.309358 
322.309456 
322.309576 
322.309725 
322.309914 
322.310156 
322.310462 
322.310844 
322.311320 
322.311922 
322.312686 
322.313648 
322.314846 
322.316346 
322.318236 
322.320608 
322.323556 
322.327235 
322.331827 
322.337521 
322.344557 
322.353233 
322.363858 
322.376768 
322.392316 
322.410774 
322.432275 
322.456634 
322.483106 
322.509945 
322.534061 
322.550525 
322.553042 
322.536941 
322.508068 
322.495635 
322.531082 
322.359184 
322.359184 
322.360564 
322.360579 
322.360590 
322.360598 
322.360606 
322.360617 
322.360633 
322.360656 
322.360690 
322.360736 
322.360797 
322.360876 
322.360975 
322.361097 
322.361248 
322.361442 
322.361690 
322.362006 
322.362403 
322.362899 
322.363532 
322.364342 
322.365371 
322.366660 
322.368290 
322.370368 
322.373005 
322.376320 
322.380514 
322.385833 
322.392531 
322.400956 
322.411568 
322.424845 
322.441399 
322.461924 
322.487121 
322.517694 
322.554097 
322.596306 
322.643127 
322.691474 
322.734871 
322.761971 
322.756613 
322.705953 
322.632213 
322.627170 
322.410791 
322.410791 
322.412083 
322.412098 
322.412109 
322.412117 
322.412124 
322.412134 
322.412150 
322.412173 
322.412206 
322.412252 
322.412313 
322.412392 
322.412491 
322.412614 
322.412767 
322.412963 
322.413216 
322.413540 
322.413949 
322.414462 
322.415121 
322.415972 
322.417059 
322.418432 
322.420180 
322.422433 
322.425320 
322.428982 
322.433671 
322.439698 
322.447382 
322.457191 
322.469761 
322.485761 
322.506134 
322.531995 
322.564620 
322.605537 
322.656259 
322.718185 
322.791838 
322.875915 
322.964961 
323.045402 
323.089562 
323.051580 
322.894327 
322.740314 
322.462398 
322.462398 
322.463601 
322.463617 
322.463627 
322.463634 
322.463642 
322.463651 
322.463666 
322.463688 
322.463720 
322.463766 
322.463826 
322.463904 
322.464003 
322.464125 
322.464278 
322.464474 
322.464730 
322.465058 
322.465473 
322.465997 
322.466674 
322.467553 
322.468684 
322.470120 
322.471961 
322.474353 
322.477445 
322.481396 
322.486503 
322.493139 
322.501686 
322.512727 
322.527073 
322.545587 
322.569568 
322.600590 
322.640602 
322.692146 
322.758158 
322.842132 
322.947607 
323.077381 
323.231263 
323.400785 
323.557550 
323.628771 
323.466820 
322.990205 
322.514005 
322.514005 
322.515119 
322.515134 
322.515144 
322.515151 
322.515158 
322.515167 
322.515181 
322.515202 
322.515233 
322.515277 
322.515336 
322.515413 
322.515510 
322.515629 
322.515779 
322.515974 
322.516227 
322.516554 
322.516969 
322.517494 
322.518176 
322.519067 
322.520219 
322.521687 
322.523581 
322.526058 
322.529281 
322.533423 
322.538819 
322.545890 
322.555070 
322.567038 
322.582762 
322.603274 
322.630207 
322.665574 
322.712000 
322.773088 
322.853367 
322.958813 
323.096939 
323.276687 
323.507634 
323.796310 
324.134951 
324.466296 
324.577029 
323.864971 
322.565612 
322.565612 
322.566637 
322.566651 
322.566661 
322.566667 
322.566673 
322.566682 
322.566695 
322.566715 
322.566745 
322.566787 
322.566843 
322.566917 
322.567010 
322.567125 
322.567271 
322.567459 
322.567706 
322.568025 
322.568431 
322.568946 
322.569618 
322.570499 
322.571642 
322.573104 
322.574998 
322.577490 
322.580746 
322.584950 
322.590458 
322.597722 
322.607208 
322.619664 
322.636163 
322.657864 
322.686652 
322.724886 
322.775748 
322.843754 
322.934873 
323.057448 
323.223064 
323.447515 
323.752591 
324.167196 
324.725637 
325.450230 
326.252128 
326.324544 
322.617218 
322.617218 
322.618153 
322.618167 
322.618176 
322.618182 
322.618188 
322.618195 
322.618207 
322.618226 
322.618254 
322.618293 
322.618346 
322.618416 
322.618504 
322.618613 
322.618750 
322.618929 
322.619163 
322.619467 
322.619855 
322.620347 
322.620990 
322.621837 
322.622939 
322.624351 
322.626186 
322.628609 
322.631784 
322.635897 
322.641307 
322.648474 
322.657869 
322.670265 
322.686779 
322.708620 
322.737800 
322.776854 
322.829286 
322.900161 
322.996386 
323.127930 
323.309399 
323.562037 
323.918209 
324.428406 
325.174126 
326.292379 
328.011789 
330.516135 
322.668824 
322.668824 
322.669669 
322.669682 
322.669690 
322.669696 
322.669701 
322.669708 
322.669719 
322.669736 
322.669761 
322.669797 
322.669846 
322.669910 
322.669991 
322.670091 
322.670218 
322.670383 
322.670600 
322.670881 
322.671239 
322.671695 
322.672292 
322.673080 
322.674105 
322.675421 
322.677133 
322.679398 
322.682372 
322.686231 
322.691316 
322.698068 
322.706938 
322.718671 
322.734349 
322.755143 
322.783030 
322.820505 
322.871058 
322.939784 
323.033738 
323.163254 
323.343858 
323.598781 
323.964898 
324.503269 
325.321896 
326.633428 
328.931257 
333.791532 
353.150000 
