322.154669 
322.155153 
322.155756 
322.156508 
322.157441 
322.158584 
322.159984 
322.161699 
322.163788 
322.166311 
322.169336 
322.172935 
322.177181 
322.182117 
322.187755 
322.194096 
322.201014 
322.208305 
322.215630 
322.222433 
322.228020 
322.231511 
322.232085 
322.229231 
322.223305 
322.216014 
322.210102 
322.206913 
322.201941 
322.181001 
322.202734 
322.202734 
322.202761 
322.202779 
322.202791 
322.202801 
322.202811 
322.202824 
322.202843 
322.202872 
322.202912 
322.202966 
322.203039 
322.203132 
322.203248 
322.203391 
322.203568 
322.203792 
322.204078 
322.204438 
322.206289 
322.206778 
322.207389 
322.208155 
322.209106 
322.210275 
322.211712 
322.213482 
322.215649 
322.218279 
322.221456 
322.225272 
322.229816 
322.235166 
322.241379 
322.248501 
322.256477 
322.265179 
322.274345 
322.283490 
322.291933 
322.298704 
322.302652 
322.302629 
322.297963 
322.289301 
322.279538 
322.273484 
322.273242 
322.273969 
322.254431 
322.254431 
322.254457 
322.254475 
322.254488 
322.254497 
322.254507 
322.254520 
322.254539 
322.254567 
322.254607 
322.254662 
322.254734 
322.254827 
322.254943 
322.255086 
322.255263 
322.255487 
322.255773 
322.256135 
322.257913 
322.258412 
322.259039 
322.259827 
322.260812 
322.262028 
322.263533 
322.265402 
322.267711 
322.270541 
322.274001 
322.278219 
322.283325 
322.289455 
322.296758 
322.305373 
322.315383 
322.326826 
322.339611 
322.353437 
322.367727 
322.381457 
322.393028 
322.400244 
322.400473 
322.391701 
322.375102 
322.359145 
322.358977 
322.381726 
322.306127 
322.306127 
322.306153 
322.306171 
322.306184 
322.306193 
322.306203 
322.306216 
322.306235 
322.306262 
322.306302 
322.306356 
322.306428 
322.306520 
322.306636 
322.306778 
322.306954 
322.307178 
322.307465 
322.307827 
322.309539 
322.310051 
322.310696 
322.311514 
322.312542 
322.313820 
322.315414 
322.317415 
322.319915 
322.323011 
322.326852 
322.331618 
322.337489 
322.344691 
322.353500 
322.364196 
322.377069 
322.392420 
322.410456 
322.431233 
322.454495 
322.479431 
322.504248 
322.525810 
322.539102 
322.537607 
322.516210 
322.480150 
322.458416 
322.485002 
322.357823 
322.357823 
322.357849 
322.357867 
322.357879 
322.357889 
322.357898 
322.357911 
322.357929 
322.357956 
322.357995 
322.358048 
322.358119 
322.358210 
322.358325 
322.358466 
322.358641 
322.358864 
322.359150 
322.359513 
322.361161 
322.361684 
322.362350 
322.363199 
322.364274 
322.365619 
322.367311 
322.369460 
322.372174 
322.375572 
322.379849 
322.385245 
322.392003 
322.400457 
322.411043 
322.424214 
322.440544 
322.460686 
322.485292 
322.515010 
322.550243 
322.590914 
322.635772 
322.681652 
322.721945 
322.745079 
322.734601 
322.677464 
322.596196 
322.583535 
322.409519 
322.409519 
322.409545 
322.409563 
322.409575 
322.409584 
322.409593 
322.409604 
322.409622 
322.409648 
322.409686 
322.409739 
322.409808 
322.409898 
322.410010 
322.410149 
322.410322 
322.410542 
322.410826 
322.411188 
322.412771 
322.413304 
322.413987 
322.414864 
322.415982 
322.417388 
322.419174 
322.421465 
322.424390 
322.428087 
322.432800 
322.438833 
322.446496 
322.456242 
322.468686 
322.484475 
322.504523 
322.529909 
322.561872 
322.601896 
322.651450 
322.711879 
322.783639 
322.865328 
322.951354 
323.027962 
323.067303 
323.023455 
322.859421 
322.697381 
322.461215 
322.461215 
322.461241 
322.461258 
322.461269 
322.461278 
322.461286 
322.461297 
322.461314 
322.461340 
322.461376 
322.461427 
322.461495 
322.461582 
322.461692 
322.461827 
322.461996 
322.462212 
322.462492 
322.462849 
322.464363 
322.464901 
322.465592 
322.466488 
322.467637 
322.469090 
322.470949 
322.473356 
322.476455 
322.480406 
322.485496 
322.492092 
322.500566 
322.511488 
322.525650 
322.543899 
322.567506 
322.598020 
322.637356 
322.688017 
322.752898 
322.835433 
322.939088 
323.066561 
323.217532 
323.383384 
323.535585 
323.601247 
323.432589 
322.947571 
322.512910 
322.512910 
322.512935 
322.512952 
322.512963 
322.512971 
322.512979 
322.512990 
322.513005 
322.513030 
322.513065 
322.513113 
322.513178 
322.513262 
322.513368 
322.513499 
322.513662 
322.513872 
322.514144 
322.514493 
322.515930 
322.516464 
322.517155 
322.518054 
322.519214 
322.520688 
322.522585 
322.525060 
322.528270 
322.532388 
322.537741 
322.544744 
322.553820 
322.565639 
322.581153 
322.601378 
322.627925 
322.662783 
322.708549 
322.768790 
322.847989 
322.952065 
323.088454 
323.266002 
323.494162 
323.779324 
324.113570 
324.439444 
324.543321 
323.822618 
322.564606 
322.564606 
322.564630 
322.564645 
322.564656 
322.564663 
322.564671 
322.564681 
322.564695 
322.564718 
322.564751 
322.564797 
322.564859 
322.564939 
322.565039 
322.565164 
322.565319 
322.565520 
322.565781 
322.566117 
322.567466 
322.567986 
322.568662 
322.569547 
322.570691 
322.572151 
322.574039 
322.576517 
322.579748 
322.583915 
322.589365 
322.596546 
322.605915 
322.618210 
322.634492 
322.655904 
322.684315 
322.722060 
322.772296 
322.839502 
322.929605 
323.050889 
323.214865 
323.437232 
323.739661 
324.150907 
324.705086 
325.424241 
326.219150 
326.282643 
322.616301 
322.616301 
322.616323 
322.616338 
322.616348 
322.616355 
322.616362 
322.616371 
322.616384 
322.616405 
322.616436 
322.616479 
322.616536 
322.616611 
322.616705 
322.616822 
322.616967 
322.617156 
322.617401 
322.617717 
322.618969 
322.619463 
322.620109 
322.620955 
322.622054 
322.623460 
322.625283 
322.627686 
322.630831 
322.634900 
322.640246 
322.647325 
322.656600 
322.668837 
322.685139 
322.706704 
322.735528 
322.774126 
322.825975 
322.896107 
322.991389 
323.121734 
323.301676 
323.552368 
323.906058 
324.413078 
325.154709 
326.267651 
327.980099 
330.475270 
322.667996 
322.667996 
322.668017 
322.668030 
322.668039 
322.668045 
322.668051 
322.668060 
322.668072 
322.668091 
322.668119 
322.668158 
322.668211 
322.668279 
322.668366 
322.668472 
322.668606 
322.668779 
322.669004 
322.669295 
322.670436 
322.670893 
322.671490 
322.672276 
322.673297 
322.674604 
322.676303 
322.678547 
322.681490 
322.685304 
322.690327 
322.696994 
322.705750 
322.717333 
322.732815 
322.753355 
322.780914 
322.817971 
322.867992 
322.936041 
323.029135 
323.157557 
323.336765 
323.589906 
323.953743 
324.489178 
325.303994 
326.610528 
328.901722 
333.752985 
353.150000 
321.954526 
321.954526 
321.954526 
321.954526 
321.954526 
321.954526 
321.954526 
321.954526 
321.954526 
321.954526 
321.954526 
321.954526 
321.954526 
321.954526 
321.954526 
321.954526 
321.954526 
321.954526 
321.954526 
321.954526 
321.954526 
321.954526 
321.954526 
321.954526 
321.954527 
321.954527 
321.954527 
321.954527 
321.954528 
321.954528 
321.954529 
321.954530 
321.954530 
321.954532 
321.954533 
321.954535 
321.954537 
321.954540 
321.954543 
321.954548 
321.954554 
321.954561 
321.954569 
321.954580 
321.954593 
321.954610 
321.954632 
321.954658 
321.954690 
321.954729 
322.005781 
322.005781 
322.005781 
322.005781 
322.005781 
322.005781 
322.005781 
322.005781 
322.005781 
322.005781 
322.005781 
322.005781 
322.005781 
322.005781 
322.005781 
322.005781 
322.005781 
322.005781 
322.005781 
322.005781 
322.005781 
322.005781 
322.005781 
322.005781 
322.005782 
322.005782 
322.005782 
322.005782 
322.005783 
322.005783 
322.005784 
322.005785 
322.005786 
322.005787 
322.005788 
322.005790 
322.005792 
322.005795 
322.005799 
322.005803 
322.005809 
322.005816 
322.005824 
322.005835 
322.005849 
322.005866 
322.005888 
322.005914 
322.005947 
322.005987 
322.057036 
322.057036 
322.057036 
322.057036 
322.057036 
322.057036 
322.057036 
322.057036 
322.057036 
322.057036 
322.057036 
322.057036 
322.057036 
322.057036 
322.057036 
322.057036 
322.057036 
322.057036 
322.057036 
322.057036 
322.057036 
322.057036 
322.057036 
322.057037 
322.057037 
322.057037 
322.057037 
322.057037 
322.057038 
322.057038 
322.057039 
322.057040 
322.057041 
322.057042 
322.057043 
322.057045 
322.057047 
322.057050 
322.057054 
322.057059 
322.057064 
322.057071 
322.057080 
322.057091 
322.057105 
322.057123 
322.057145 
322.057172 
322.057206 
322.057247 
322.108291 
322.108291 
322.108291 
322.108291 
322.108291 
322.108291 
322.108291 
322.108291 
322.108291 
322.108291 
322.108291 
322.108291 
322.108291 
322.108291 
322.108291 
322.108291 
322.108291 
322.108291 
322.108291 
322.108291 
322.108291 
322.108291 
322.108291 
322.108292 
322.108292 
322.108292 
322.108292 
322.108292 
322.108293 
322.108293 
322.108294 
322.108295 
322.108296 
322.108297 
322.108298 
322.108300 
322.108302 
322.108305 
322.108309 
322.108314 
322.108320 
322.108327 
322.108336 
322.108347 
322.108361 
322.108380 
322.108403 
322.108431 
322.108466 
322.108509 
322.159546 
322.159546 
322.159546 
322.159546 
322.159546 
322.159546 
322.159546 
322.159546 
322.159546 
322.159546 
322.159546 
322.159546 
322.159546 
322.159546 
322.159546 
322.159546 
322.159546 
322.159546 
322.159546 
322.159546 
322.159546 
322.159546 
322.159547 
322.159547 
322.159547 
322.159547 
322.159547 
322.159548 
322.159548 
322.159548 
322.159549 
322.159550 
322.159551 
322.159552 
322.159553 
322.159555 
322.159558 
322.159561 
322.159564 
322.159569 
322.159575 
322.159583 
322.159592 
322.159603 
322.159618 
322.159637 
322.159661 
322.159691 
322.159727 
322.159772 
322.210801 
322.210801 
322.210801 
322.210801 
322.210801 
322.210801 
322.210801 
322.210801 
322.210801 
322.210801 
322.210801 
322.210801 
322.210801 
322.210801 
322.210801 
322.210801 
322.210801 
322.210801 
322.210801 
322.210801 
322.210801 
322.210802 
322.210802 
322.210802 
322.210802 
322.210802 
322.210802 
322.210803 
322.210803 
322.210804 
322.210804 
322.210805 
322.210806 
322.210807 
322.210808 
322.210810 
322.210813 
322.210816 
322.210820 
322.210825 
322.210831 
322.210838 
322.210847 
322.210859 
322.210875 
322.210895 
322.210919 
322.210950 
322.210988 
322.211036 
322.262056 
322.262056 
322.262056 
322.262056 
322.262056 
322.262056 
322.262056 
322.262056 
322.262056 
322.262056 
322.262056 
322.262056 
322.262056 
322.262056 
322.262056 
322.262056 
322.262056 
322.262056 
322.262056 
322.262056 
322.262056 
322.262057 
322.262057 
322.262057 
322.262057 
322.262057 
322.262057 
322.262058 
322.262058 
322.262059 
322.262059 
322.262060 
322.262061 
322.262062 
322.262064 
322.262065 
322.262068 
322.262071 
322.262075 
322.262080 
322.262086 
322.262094 
322.262103 
322.262115 
322.262131 
322.262152 
322.262178 
322.262210 
322.262250 
322.262299 
322.313311 
322.313311 
322.313311 
322.313311 
322.313311 
322.313311 
322.313311 
322.313311 
322.313311 
322.313311 
322.313311 
322.313311 
322.313311 
322.313311 
322.313311 
322.313311 
322.313311 
322.313311 
322.313311 
322.313311 
322.313312 
322.313312 
322.313312 
322.313312 
322.313312 
322.313312 
322.313312 
322.313313 
322.313313 
322.313314 
322.313314 
322.313315 
322.313316 
322.313317 
322.313319 
322.313320 
322.313323 
322.313326 
322.313330 
322.313335 
322.313341 
322.313349 
322.313359 
322.313371 
322.313388 
322.313409 
322.313435 
322.313469 
322.313510 
322.313562 
322.364566 
322.364566 
322.364566 
322.364566 
322.364566 
322.364566 
322.364566 
322.364566 
322.364566 
322.364566 
322.364566 
322.364566 
322.364566 
322.364566 
322.364566 
322.364566 
322.364566 
322.364566 
322.364567 
322.364567 
322.364567 
322.364567 
322.364567 
322.364567 
322.364567 
322.364567 
322.364567 
322.364568 
322.364568 
322.364569 
322.364569 
322.364570 
322.364571 
322.364572 
322.364574 
322.364575 
322.364578 
322.364581 
322.364585 
322.364590 
322.364596 
322.364604 
322.364614 
322.364627 
322.364643 
322.364665 
322.364692 
322.364727 
322.364769 
322.364822 
322.415821 
322.415821 
322.415821 
322.415821 
322.415821 
322.415821 
322.415821 
322.415821 
322.415821 
322.415821 
322.415821 
322.415821 
322.415821 
322.415821 
322.415821 
322.415821 
322.415821 
322.415822 
322.415822 
322.415822 
322.415822 
322.415822 
322.415822 
322.415822 
322.415822 
322.415822 
322.415822 
322.415823 
322.415823 
322.415824 
322.415824 
322.415825 
322.415826 
322.415827 
322.415828 
322.415830 
322.415833 
322.415836 
322.415840 
322.415845 
322.415851 
322.415859 
322.415869 
322.415881 
322.415898 
322.415920 
322.415948 
322.415983 
322.416026 
322.416080 
322.467076 
322.467076 
322.467076 
322.467076 
322.467076 
322.467076 
322.467076 
322.467076 
322.467076 
322.467076 
322.467076 
322.467076 
322.467076 
322.467077 
322.467077 
322.467077 
322.467077 
322.467077 
322.467077 
322.467077 
322.467077 
322.467077 
322.467077 
322.467077 
322.467077 
322.467077 
322.467078 
322.467078 
322.467078 
322.467079 
322.467079 
322.467080 
322.467081 
322.467082 
322.467083 
322.467085 
322.467087 
322.467091 
322.467094 
322.467099 
322.467106 
322.467113 
322.467123 
322.467136 
322.467152 
322.467174 
322.467202 
322.467237 
322.467280 
322.467335 
322.518332 
322.518332 
322.518332 
322.518332 
322.518332 
322.518332 
322.518332 
322.518332 
322.518332 
322.518332 
322.518332 
322.518332 
322.518332 
322.518332 
322.518332 
322.518332 
322.518332 
322.518332 
322.518332 
322.518332 
322.518332 
322.518332 
322.518332 
322.518332 
322.518332 
322.518332 
322.518333 
322.518333 
322.518333 
322.518334 
322.518334 
322.518335 
322.518336 
322.518337 
322.518338 
322.518340 
322.518342 
322.518345 
322.518349 
322.518354 
322.518360 
322.518367 
322.518377 
322.518389 
322.518405 
322.518427 
322.518454 
322.518488 
322.518531 
322.518585 
322.569587 
322.569587 
322.569587 
322.569587 
322.569587 
322.569587 
322.569587 
322.569587 
322.569587 
322.569587 
322.569587 
322.569587 
322.569587 
322.569587 
322.569587 
322.569587 
322.569587 
322.569587 
322.569587 
322.569587 
322.569587 
322.569587 
322.569587 
322.569587 
322.569587 
322.569587 
322.569588 
322.569588 
322.569588 
322.569589 
322.569589 
322.569590 
322.569591 
322.569592 
322.569593 
322.569594 
322.569597 
322.569599 
322.569603 
322.569608 
322.569614 
322.569621 
322.569630 
322.569642 
322.569657 
322.569678 
322.569704 
322.569738 
322.569779 
322.569831 
322.620842 
322.620842 
322.620842 
322.620842 
322.620842 
322.620842 
322.620842 
322.620842 
322.620842 
322.620842 
322.620842 
322.620842 
322.620842 
322.620842 
322.620842 
322.620842 
322.620842 
322.620842 
322.620842 
322.620842 
322.620842 
322.620842 
322.620842 
322.620842 
322.620842 
322.620842 
322.620843 
322.620843 
322.620843 
322.620844 
322.620844 
322.620845 
322.620845 
322.620846 
322.620847 
322.620849 
322.620851 
322.620854 
322.620857 
322.620861 
322.620867 
322.620874 
322.620882 
322.620893 
322.620908 
322.620928 
322.620952 
322.620984 
322.621023 
322.621073 
322.672097 
322.672097 
322.672097 
322.672097 
322.672097 
322.672097 
322.672097 
322.672097 
322.672097 
322.672097 
322.672097 
322.672097 
322.672097 
322.672097 
322.672097 
322.672097 
322.672097 
322.672097 
322.672097 
322.672097 
322.672097 
322.672097 
322.672097 
322.672097 
322.672097 
322.672097 
322.672098 
322.672098 
322.672098 
322.672098 
322.672099 
322.672099 
322.672100 
322.672101 
322.672102 
322.672103 
322.672105 
322.672108 
322.672111 
322.672115 
322.672120 
322.672126 
322.672134 
322.672144 
322.672158 
322.672176 
322.672199 
322.672227 
322.672263 
322.672309 
