322.464403 
322.466996 
322.470313 
322.474606 
322.480130 
322.487160 
322.496185 
322.507823 
322.522698 
322.541739 
322.566221 
322.597489 
322.637499 
322.688597 
322.753582 
322.835976 
322.939589 
323.068517 
323.225837 
323.411785 
323.619000 
323.823020 
323.964397 
323.919917 
323.498660 
322.731461 
322.506261 
322.506261 
322.506305 
322.506334 
322.506350 
322.506361 
322.506371 
322.506384 
322.506406 
322.506443 
322.506498 
322.506578 
322.506686 
322.506829 
322.507011 
322.507237 
322.507523 
322.507896 
322.508386 
322.509021 
322.509831 
322.510860 
322.512200 
322.513951 
322.516388 
322.518935 
322.522194 
322.526412 
322.531840 
322.538747 
322.547617 
322.559055 
322.573679 
322.592405 
322.616497 
322.647291 
322.686754 
322.737258 
322.801704 
322.883844 
322.988004 
323.119324 
323.283142 
323.484112 
323.723763 
323.995086 
324.270971 
324.476778 
324.415538 
323.571089 
322.558497 
322.558497 
322.558541 
322.558568 
322.558584 
322.558595 
322.558604 
322.558617 
322.558639 
322.558675 
322.558729 
322.558806 
322.558912 
322.559052 
322.559229 
322.559450 
322.559730 
322.560094 
322.560572 
322.561193 
322.561985 
322.562990 
322.564298 
322.566009 
322.568198 
322.570650 
322.573788 
322.577850 
322.583076 
322.589728 
322.598272 
322.609293 
322.623387 
322.641448 
322.664708 
322.694475 
322.732718 
322.781826 
322.844836 
322.925822 
323.029883 
323.163749 
323.336256 
323.558956 
323.847380 
324.222439 
324.711236 
325.337841 
326.036838 
326.028622 
322.610733 
322.610733 
322.610774 
322.610800 
322.610816 
322.610826 
322.610834 
322.610847 
322.610868 
322.610902 
322.610953 
322.611027 
322.611128 
322.611260 
322.611429 
322.611639 
322.611905 
322.612252 
322.612707 
322.613297 
322.614050 
322.615006 
322.616251 
322.617879 
322.619839 
322.622149 
322.625105 
322.628932 
322.633856 
322.640124 
322.648176 
322.658566 
322.671858 
322.688902 
322.710876 
322.739035 
322.775304 
322.822039 
322.882339 
322.960501 
323.062240 
323.195654 
323.372700 
323.611229 
323.939789 
324.405874 
325.091283 
326.139842 
327.791352 
330.227568 
322.662967 
322.662967 
322.663006 
322.663030 
322.663044 
322.663053 
322.663062 
322.663073 
322.663092 
322.663123 
322.663171 
322.663239 
322.663332 
322.663455 
322.663611 
322.663805 
322.664050 
322.664371 
322.664791 
322.665337 
322.666032 
322.666915 
322.668065 
322.669569 
322.671322 
322.673445 
322.676162 
322.679680 
322.684206 
322.689967 
322.697370 
322.706924 
322.719149 
322.734832 
322.755066 
322.781018 
322.814499 
322.857740 
322.913732 
322.986700 
323.082453 
323.209492 
323.381007 
323.617627 
323.954049 
324.451022 
325.219691 
326.478715 
328.723316 
333.519569 
353.150000 
