325.577323 
325.582246 
325.587302 
325.592514 
325.597905 
325.603497 
325.609310 
325.615369 
325.621694 
325.628307 
325.635232 
325.642491 
325.650109 
325.658113 
325.666528 
325.675378 
325.684690 
325.694485 
325.704786 
325.715614 
325.726993 
325.738943 
325.751490 
325.764655 
325.778463 
325.792949 
325.808153 
325.824118 
325.840907 
325.858609 
325.877320 
325.897188 
325.918397 
325.941186 
325.965884 
325.992914 
326.022857 
326.056517 
326.095023 
326.140049 
326.194187 
326.261702 
326.350234 
326.474901 
326.667888 
326.837823 
325.695785 
325.699821 
325.703759 
325.707626 
326.558015 
326.564394 
326.570873 
326.577480 
326.584243 
326.591189 
326.598345 
326.605739 
326.613398 
326.621350 
326.629622 
326.638246 
326.647257 
326.656694 
326.666593 
326.676990 
326.687922 
326.699425 
326.711531 
326.724277 
326.737695 
326.751816 
326.766668 
326.782277 
326.798669 
326.815866 
326.833886 
326.852750 
326.872476 
326.893089 
326.914611 
326.937079 
326.960538 
326.985045 
327.010675 
327.037511 
327.065641 
327.095122 
327.125925 
327.157799 
327.189959 
327.220351 
327.243696 
327.246239 
327.194201 
327.127342 
326.729340 
326.735318 
326.741100 
326.746717 
327.537986 
327.545454 
327.552885 
327.560306 
327.567741 
327.575218 
327.582762 
327.590398 
327.598154 
327.606054 
327.614125 
327.622402 
327.630928 
327.639749 
327.648911 
327.658459 
327.668440 
327.678904 
327.689904 
327.701492 
327.713719 
327.726632 
327.740274 
327.754688 
327.769914 
327.785970 
327.802862 
327.820593 
327.839137 
327.858435 
327.878421 
327.898978 
327.919954 
327.941159 
327.962341 
327.983185 
328.003285 
328.022096 
328.038883 
328.052611 
328.061826 
328.064621 
328.059100 
328.045835 
328.034923 
328.031210 
327.765232 
327.773869 
327.782172 
327.790158 
328.519962 
328.528823 
328.537427 
328.545787 
328.553917 
328.561830 
328.569542 
328.577065 
328.584414 
328.591603 
328.598645 
328.605565 
328.612405 
328.619206 
328.626009 
328.632856 
328.639794 
328.646886 
328.654198 
328.661798 
328.669752 
328.678136 
328.687034 
328.696527 
328.706698 
328.717618 
328.729349 
328.741954 
328.755461 
328.769857 
328.785119 
328.801147 
328.817785 
328.834818 
328.851932 
328.868757 
328.884844 
328.899724 
328.912950 
328.924209 
328.933494 
328.941374 
328.949348 
328.959746 
328.973898 
328.966870 
328.798918 
328.811594 
328.823811 
328.835564 
329.504880 
329.516492 
329.527603 
329.538203 
329.548282 
329.557830 
329.566836 
329.575290 
329.583183 
329.590504 
329.597242 
329.603398 
329.608985 
329.614015 
329.618502 
329.622460 
329.625910 
329.628902 
329.631490 
329.633729 
329.635675 
329.637415 
329.639064 
329.640738 
329.642556 
329.644675 
329.647273 
329.650530 
329.654636 
329.659799 
329.666223 
329.674086 
329.683546 
329.694709 
329.707596 
329.722150 
329.738194 
329.755460 
329.773629 
329.792416 
329.811688 
329.831508 
329.851965 
329.872755 
329.892833 
329.939192 
329.818709 
329.837536 
329.855873 
329.873678 
330.487016 
330.503885 
330.520083 
330.535569 
330.550300 
330.564235 
330.577333 
330.589553 
330.600852 
330.611191 
330.620526 
330.628817 
330.636022 
330.642098 
330.647004 
330.650698 
330.653145 
330.654327 
330.654235 
330.652857 
330.650184 
330.646245 
330.641106 
330.634831 
330.627497 
330.619262 
330.610337 
330.600932 
330.591354 
330.582011 
330.573331 
330.565866 
330.560250 
330.557161 
330.557352 
330.561538 
330.570361 
330.584221 
330.603167 
330.626716 
330.653802 
330.682958 
330.712797 
330.742572 
330.772490 
330.814814 
330.802333 
330.829919 
330.857125 
330.883885 
331.448679 
331.474121 
331.498896 
331.522934 
331.546169 
331.568534 
331.589959 
331.610378 
331.629724 
331.647927 
331.664922 
331.680622 
331.694923 
331.707717 
331.718896 
331.728352 
331.735975 
331.741641 
331.745223 
331.746597 
331.745636 
331.742222 
331.736245 
331.727594 
331.716163 
331.701908 
331.684820 
331.664894 
331.642236 
331.617080 
331.589689 
331.560587 
331.530463 
331.500237 
331.471200 
331.444917 
331.423357 
331.408744 
331.403395 
331.409296 
331.427365 
331.456553 
331.493337 
331.533031 
331.572617 
331.570349 
331.714849 
331.753691 
331.792419 
331.830959 
332.356439 
332.393769 
332.430675 
332.467084 
332.502922 
332.538116 
332.572594 
332.606282 
332.639107 
332.670996 
332.701875 
332.731641 
332.760151 
332.787260 
332.812820 
332.836687 
332.858698 
332.878635 
332.896271 
332.911378 
332.923724 
332.933022 
332.938934 
332.941122 
332.939242 
332.932885 
332.921609 
332.904971 
332.882512 
332.853757 
332.818242 
332.775600 
332.725533 
332.667956 
332.603130 
332.531792 
332.455473 
332.376882 
332.300242 
332.231863 
332.180210 
332.154911 
332.162987 
332.201072 
332.252337 
332.347459 
332.509437 
332.561080 
332.612981 
332.665091 
333.160954 
333.212385 
333.263865 
333.315348 
333.366786 
333.418132 
333.469337 
333.520355 
333.571137 
333.621637 
333.671806 
333.721566 
333.770802 
333.819395 
333.867226 
333.914175 
333.960101 
334.004792 
334.048020 
334.089557 
334.129170 
334.166526 
334.201203 
334.232777 
334.260803 
334.284650 
334.303576 
334.316831 
334.323453 
334.322238 
334.311937 
334.290938 
334.257399 
334.209235 
334.143971 
334.058954 
333.951317 
333.818428 
333.658443 
333.471705 
333.263376 
333.048133 
332.857701 
332.746184 
332.756446 
332.859403 
333.131991 
333.196199 
333.261058 
333.326573 
333.801812 
333.867404 
333.933649 
334.000550 
334.068113 
334.136344 
334.205247 
334.274826 
334.345088 
334.416037 
334.487678 
334.560005 
334.632999 
334.706641 
334.780909 
334.855784 
334.931234 
335.007187 
335.083565 
335.160288 
335.237273 
335.314370 
335.391364 
335.468042 
335.544172 
335.619354 
335.693094 
335.764887 
335.833983 
335.899355 
335.959905 
336.013960 
336.059471 
336.093758 
336.113129 
336.112792 
336.086177 
336.024266 
335.914841 
335.741028 
335.480032 
335.102652 
334.577618 
333.897458 
333.214897 
333.012757 
333.529161 
333.603451 
333.678710 
333.755006 
334.217198 
334.294293 
334.372597 
334.452174 
334.533090 
334.615408 
334.699194 
334.784512 
334.871426 
334.960001 
335.050303 
335.142413 
335.236442 
335.332498 
335.430691 
335.531133 
335.633941 
335.739267 
335.847268 
335.958099 
336.071920 
336.188920 
336.309317 
336.433327 
336.561172 
336.693107 
336.829405 
336.970340 
337.116191 
337.267243 
337.423772 
337.585980 
337.754016 
337.927848 
338.107154 
338.291129 
338.478117 
338.664851 
338.845427 
339.008814 
339.134153 
339.180836 
339.065391 
338.603190 
337.287545 
333.265247 
333.658143 
333.737937 
333.818879 
333.901072 
334.356300 
334.439726 
334.524693 
334.611306 
334.699667 
334.789881 
334.882052 
334.976283 
335.072679 
335.171343 
335.272380 
335.375933 
335.482202 
335.591388 
335.703691 
335.819315 
335.938488 
336.061526 
336.188765 
336.320539 
336.457191 
336.599183 
336.747085 
336.901470 
337.062935 
337.232316 
337.410584 
337.598723 
337.798016 
338.010092 
338.236655 
338.480057 
338.743070 
339.029136 
339.342782 
339.689706 
340.077526 
340.516627 
341.021277 
341.612120 
342.320070 
343.193653 
344.314061 
345.828449 
348.068745 
352.460452 
