325.504062 
325.511222 
325.518642 
325.526339 
325.534327 
325.542622 
325.551237 
325.560190 
325.569495 
325.579168 
325.589226 
325.599683 
325.610558 
325.621869 
325.633635 
325.645873 
325.658611 
325.671879 
325.685711 
325.700139 
325.715220 
325.731018 
325.747600 
325.765062 
325.783529 
325.803135 
325.824073 
325.846573 
325.870925 
325.897517 
325.926842 
325.959565 
325.996606 
326.039250 
326.089401 
326.150006 
326.225909 
326.325783 
326.466781 
326.685597 
326.926146 
325.558535 
325.563141 
325.567793 
325.572513 
325.577323 
325.582246 
325.587302 
325.592514 
325.597905 
326.444358 
326.453286 
326.462510 
326.472053 
326.481932 
326.492170 
326.502786 
326.513803 
326.525243 
326.537128 
326.549480 
326.562321 
326.575670 
326.589548 
326.603974 
326.618968 
326.634551 
326.650743 
326.667566 
326.685040 
326.703194 
326.722060 
326.741670 
326.762068 
326.783310 
326.805454 
326.828582 
326.852787 
326.878175 
326.904871 
326.933003 
326.962698 
326.994038 
327.027004 
327.061316 
327.096092 
327.129002 
327.154068 
327.155705 
327.095358 
326.956513 
326.532959 
326.539209 
326.545451 
326.551710 
326.558015 
326.564394 
326.570873 
326.577480 
326.584243 
327.371355 
327.380759 
327.390396 
327.400291 
327.410467 
327.420947 
327.431757 
327.442927 
327.454486 
327.466464 
327.478891 
327.491795 
327.505200 
327.519130 
327.533608 
327.548657 
327.564291 
327.580514 
327.597332 
327.614749 
327.632750 
327.651308 
327.670398 
327.689975 
327.709975 
327.730328 
327.750933 
327.771672 
327.792390 
327.812880 
327.832872 
327.851987 
327.869677 
327.885163 
327.897299 
327.904453 
327.904463 
327.895166 
327.877178 
327.862009 
327.875711 
327.507226 
327.515101 
327.522835 
327.530455 
327.537986 
327.545454 
327.552885 
327.560306 
327.567741 
328.290753 
328.299685 
328.308672 
328.317736 
328.326896 
328.336174 
328.345599 
328.355205 
328.365031 
328.375112 
328.385486 
328.396190 
328.407262 
328.418740 
328.430662 
328.443066 
328.455980 
328.469424 
328.483416 
328.497974 
328.513083 
328.528712 
328.544826 
328.561357 
328.578192 
328.595212 
328.612243 
328.629074 
328.645461 
328.661111 
328.675704 
328.688892 
328.700326 
328.709689 
328.716788 
328.721721 
328.725192 
328.728935 
328.735632 
328.746828 
328.780714 
328.481664 
328.491695 
328.501412 
328.510830 
328.519962 
328.528823 
328.537427 
328.545787 
328.553917 
329.212369 
329.220780 
329.228955 
329.236904 
329.244637 
329.252164 
329.259506 
329.266695 
329.273768 
329.280760 
329.287704 
329.294642 
329.301626 
329.308716 
329.315968 
329.323440 
329.331198 
329.339314 
329.347860 
329.356907 
329.366516 
329.376745 
329.387647 
329.399250 
329.411552 
329.424542 
329.438152 
329.452279 
329.466786 
329.481484 
329.496173 
329.510648 
329.524765 
329.538482 
329.551928 
329.565427 
329.579417 
329.594184 
329.609440 
329.624001 
329.602118 
329.453631 
329.467144 
329.480196 
329.492778 
329.504880 
329.516492 
329.527603 
329.538203 
329.548282 
330.145849 
330.155080 
330.163723 
330.171765 
330.179196 
330.186003 
330.192182 
330.197745 
330.202703 
330.207066 
330.210847 
330.214063 
330.216764 
330.219001 
330.220827 
330.222298 
330.223501 
330.224553 
330.225571 
330.226678 
330.228038 
330.229844 
330.232284 
330.235573 
330.239946 
330.245642 
330.252886 
330.261893 
330.272838 
330.285824 
330.300876 
330.317898 
330.336671 
330.356863 
330.378058 
330.399826 
330.421785 
330.443635 
330.465225 
330.486937 
330.526509 
330.413652 
330.432793 
330.451428 
330.469516 
330.487016 
330.503885 
330.520083 
330.535569 
330.550300 
331.094091 
331.107109 
331.119234 
331.130424 
331.140638 
331.149835 
331.157974 
331.165015 
331.170917 
331.175642 
331.179149 
331.181405 
331.182397 
331.182119 
331.180565 
331.177727 
331.173645 
331.168389 
331.162034 
331.154663 
331.146447 
331.137607 
331.128368 
331.119048 
331.110071 
331.101877 
331.095029 
331.090168 
331.087972 
331.089180 
331.094482 
331.104467 
331.119463 
331.139423 
331.163760 
331.191331 
331.220667 
331.250458 
331.279972 
331.308646 
331.361489 
331.341581 
331.369019 
331.396060 
331.422636 
331.448679 
331.474121 
331.498896 
331.522934 
331.546169 
332.045694 
332.066816 
332.086935 
332.105985 
332.123902 
332.140618 
332.156053 
332.170105 
332.182671 
332.193649 
332.202935 
332.210422 
332.215995 
332.219534 
332.220920 
332.220034 
332.216768 
332.211017 
332.202681 
332.191662 
332.177925 
332.161467 
332.142289 
332.120500 
332.096331 
332.070044 
332.042145 
332.013303 
331.984406 
331.956698 
331.931685 
331.911266 
331.897589 
331.892903 
331.899147 
331.917233 
331.946166 
331.982532 
332.021842 
332.061832 
332.064462 
332.204337 
332.242633 
332.280798 
332.318757 
332.356439 
332.393769 
332.430675 
332.467084 
332.502922 
332.968808 
333.002754 
333.035921 
333.068239 
333.099638 
333.130045 
333.159362 
333.187451 
333.214170 
333.239378 
333.262935 
333.284684 
333.304414 
333.321904 
333.336933 
333.349276 
333.358655 
333.364740 
333.367200 
333.365700 
333.359839 
333.349183 
333.333294 
333.311721 
333.283991 
333.249641 
333.208303 
333.159675 
333.103660 
333.040504 
332.970918 
332.896397 
332.819596 
332.744663 
332.677794 
332.627303 
332.602643 
332.610694 
332.648078 
332.697723 
332.769111 
332.956686 
333.007440 
333.058435 
333.109622 
333.160954 
333.212385 
333.263865 
333.315348 
333.366786 
333.809368 
333.859770 
333.909991 
333.959984 
334.009704 
334.059105 
334.108112 
334.156611 
334.204489 
334.251628 
334.297913 
334.343208 
334.387303 
334.429976 
334.471004 
334.510160 
334.547115 
334.581455 
334.612763 
334.640603 
334.664351 
334.683277 
334.696642 
334.703499 
334.702662 
334.692899 
334.672628 
334.640034 
334.593070 
334.529306 
334.446140 
334.340759 
334.210586 
334.053813 
333.870781 
333.666554 
333.455530 
333.268837 
333.159606 
333.170318 
333.293196 
333.545863 
333.608898 
333.672564 
333.736867 
333.801812 
333.867404 
333.933649 
334.000550 
334.068113 
334.496141 
334.563945 
334.632418 
334.701564 
334.771389 
334.841898 
334.913086 
334.984935 
335.057425 
335.130537 
335.204250 
335.278534 
335.353317 
335.428523 
335.504073 
335.579886 
335.655811 
335.731638 
335.807156 
335.882135 
335.956183 
336.028812 
336.099524 
336.167583 
336.231978 
336.291633 
336.344904 
336.389782 
336.423637 
336.442849 
336.442720 
336.416804 
336.356256 
336.249093 
336.078762 
335.822900 
335.452862 
334.937968 
334.270840 
333.600975 
333.397274 
333.919617 
333.992521 
334.066377 
334.141247 
334.217198 
334.294293 
334.372597 
334.452174 
334.533090 
334.952930 
335.035359 
335.119295 
335.204800 
335.291938 
335.380772 
335.471385 
335.563882 
335.658371 
335.754960 
335.853755 
335.954874 
336.058464 
336.164678 
336.273669 
336.385592 
336.500632 
336.619000 
336.740911 
336.866581 
336.996257 
337.130209 
337.268705 
337.412018 
337.560427 
337.714206 
337.873551 
338.038609 
338.209351 
338.385462 
338.566152 
338.749800 
338.933199 
339.110561 
339.271063 
339.394246 
339.440275 
339.327274 
338.874157 
337.584080 
333.614132 
334.035932 
334.114231 
334.193656 
334.274311 
334.356300 
334.439726 
334.524693 
334.611306 
334.699667 
335.115316 
335.205982 
335.298671 
335.393485 
335.490527 
335.589898 
335.691740 
335.796246 
335.903614 
336.014041 
336.127725 
336.244889 
336.365843 
336.490916 
336.620436 
336.754737 
336.894274 
337.039605 
337.191292 
337.349921 
337.516311 
337.691416 
337.876202 
338.071927 
338.280191 
338.502666 
338.741660 
338.999893 
339.280743 
339.588651 
339.929209 
340.309889 
340.740880 
341.236180 
341.816041 
342.510789 
343.368028 
344.467404 
345.953265 
348.151158 
352.481030 
