325.412832 
325.420563 
325.428527 
325.436735 
325.445199 
325.453928 
325.462935 
325.472228 
325.481822 
325.491729 
325.501964 
325.512541 
325.523474 
325.534779 
325.546479 
325.558597 
325.571156 
325.584183 
325.597712 
325.611789 
325.626461 
325.641777 
325.657809 
325.674645 
325.692374 
325.711115 
325.731020 
325.752251 
325.775034 
325.799634 
325.826384 
325.855726 
325.888217 
325.924609 
325.965941 
326.013666 
326.069933 
326.138070 
326.223547 
326.336158 
326.495263 
326.742453 
327.025548 
325.448910 
325.454393 
325.460002 
325.465752 
325.471659 
325.477737 
325.484002 
326.312609 
326.322457 
326.332584 
326.343004 
326.353731 
326.364781 
326.376167 
326.387903 
326.400005 
326.412488 
326.425368 
326.438660 
326.452380 
326.466544 
326.481171 
326.496280 
326.511890 
326.528020 
326.544696 
326.561947 
326.579805 
326.598300 
326.617478 
326.637391 
326.658093 
326.679652 
326.702152 
326.725681 
326.750349 
326.776279 
326.803606 
326.832484 
326.863064 
326.895497 
326.929876 
326.966182 
327.004100 
327.042630 
327.079146 
327.106900 
327.108311 
327.039628 
326.926034 
326.374025 
326.381193 
326.388475 
326.395892 
326.403463 
326.411210 
326.419153 
327.193415 
327.204146 
327.215135 
327.226397 
327.237950 
327.249811 
327.261999 
327.274529 
327.287418 
327.300684 
327.314341 
327.328407 
327.342897 
327.357826 
327.373203 
327.389036 
327.405334 
327.422104 
327.439348 
327.457061 
327.475238 
327.493875 
327.512956 
327.532459 
327.552364 
327.572638 
327.593235 
327.614107 
327.635176 
327.656348 
327.677488 
327.698399 
327.718809 
327.738313 
327.756310 
327.771931 
327.783886 
327.790332 
327.788827 
327.776914 
327.755260 
327.736915 
327.733817 
327.293416 
327.301761 
327.310130 
327.318547 
327.327035 
327.335617 
327.344317 
328.058747 
328.069257 
328.079923 
328.090762 
328.101793 
328.113035 
328.124507 
328.136229 
328.148219 
328.160498 
328.173088 
328.186010 
328.199284 
328.212929 
328.226954 
328.241368 
328.256179 
328.271393 
328.287003 
328.302989 
328.319328 
328.335997 
328.352944 
328.370100 
328.387397 
328.404739 
328.422004 
328.439060 
328.455743 
328.471862 
328.487203 
328.501513 
328.514515 
328.525896 
328.535330 
328.542516 
328.547267 
328.549715 
328.550669 
328.552100 
328.557069 
328.567343 
328.566977 
328.209349 
328.218737 
328.227990 
328.237129 
328.246175 
328.255150 
328.264073 
328.917055 
328.926763 
328.936438 
328.946096 
328.955754 
328.965430 
328.975139 
328.984900 
328.994734 
329.004671 
329.014739 
329.024969 
329.035390 
329.046031 
329.056921 
329.068088 
329.079559 
329.091363 
329.103516 
329.116027 
329.128904 
329.142152 
329.155748 
329.169655 
329.183832 
329.198212 
329.212695 
329.227177 
329.241525 
329.255585 
329.269204 
329.282229 
329.294534 
329.306042 
329.316772 
329.326862 
329.336617 
329.346510 
329.357093 
329.368715 
329.381063 
329.392810 
329.376443 
329.124440 
329.135416 
329.146067 
329.156404 
329.166436 
329.176173 
329.185625 
329.779222 
329.788481 
329.797444 
329.806119 
329.814512 
329.822632 
329.830485 
329.838079 
329.845431 
329.852573 
329.859535 
329.866350 
329.873049 
329.879669 
329.886262 
329.892884 
329.899591 
329.906438 
329.913493 
329.920830 
329.928525 
329.936654 
329.945290 
329.954506 
329.964373 
329.974948 
329.986265 
329.998357 
330.011214 
330.024805 
330.039074 
330.053929 
330.069265 
330.084970 
330.100949 
330.117138 
330.133507 
330.150029 
330.166627 
330.183139 
330.199444 
330.215984 
330.222593 
330.038329 
330.052302 
330.065797 
330.078802 
330.091304 
330.103291 
330.114752 
330.654132 
330.664564 
330.674409 
330.683655 
330.692289 
330.700299 
330.707672 
330.714396 
330.720468 
330.725900 
330.730703 
330.734890 
330.738472 
330.741470 
330.743935 
330.745924 
330.747493 
330.748700 
330.749640 
330.750437 
330.751219 
330.752115 
330.753306 
330.754995 
330.757389 
330.760720 
330.765245 
330.771221 
330.778893 
330.788495 
330.800212 
330.814147 
330.830309 
330.848559 
330.868606 
330.890015 
330.912248 
330.934772 
330.957174 
330.979222 
331.000768 
331.021306 
331.043850 
330.943488 
330.962700 
330.981388 
330.999512 
331.017029 
331.033900 
331.050083 
331.542756 
331.557330 
331.571088 
331.583992 
331.596000 
331.607075 
331.617175 
331.626261 
331.634295 
331.641239 
331.647058 
331.651715 
331.655174 
331.657404 
331.658399 
331.658157 
331.656677 
331.653959 
331.650044 
331.645014 
331.638946 
331.631931 
331.624144 
331.615810 
331.607158 
331.598506 
331.590272 
331.582890 
331.576909 
331.572947 
331.571656 
331.573734 
331.579829 
331.590481 
331.605975 
331.626238 
331.650680 
331.678197 
331.707379 
331.736991 
331.766439 
331.795991 
331.857187 
331.821308 
331.848500 
331.875280 
331.901583 
331.927342 
331.952493 
331.976969 
332.431907 
332.454586 
332.476403 
332.497294 
332.517197 
332.536047 
332.553782 
332.570338 
332.585637 
332.599582 
332.612073 
332.623013 
332.632301 
332.639838 
332.645509 
332.649203 
332.650804 
332.650199 
332.647284 
332.641958 
332.634124 
332.623690 
332.610618 
332.594907 
332.576555 
332.555667 
332.532462 
332.507189 
332.480338 
332.452551 
332.424690 
332.397963 
332.373838 
332.354174 
332.341080 
332.336771 
332.343161 
332.361162 
332.389801 
332.425717 
332.464406 
332.502950 
332.579675 
332.639924 
332.677697 
332.715327 
332.752744 
332.789877 
332.826655 
332.863008 
333.289656 
333.324519 
333.358757 
333.392302 
333.425085 
333.457039 
333.488094 
333.518181 
333.547205 
333.575030 
333.601519 
333.626536 
333.649942 
333.671586 
333.691260 
333.708748 
333.723833 
333.736296 
333.745861 
333.752204 
333.754999 
333.753914 
333.748554 
333.738487 
333.723281 
333.702487 
333.675635 
333.642265 
333.602011 
333.554570 
333.499844 
333.438071 
333.369952 
333.296957 
333.221699 
333.148257 
333.082725 
333.033275 
333.009197 
333.017264 
333.054235 
333.103896 
333.191397 
333.355128 
333.405106 
333.455313 
333.505705 
333.556236 
333.606860 
333.657530 
334.064748 
334.114722 
334.164612 
334.214371 
334.263957 
334.313326 
334.362431 
334.411229 
334.459647 
334.507574 
334.554897 
334.601502 
334.647276 
334.692084 
334.735721 
334.777967 
334.818603 
334.857404 
334.894047 
334.928123 
334.959220 
334.986908 
335.010572 
335.029493 
335.042940 
335.049983 
335.049453 
335.040139 
335.020483 
334.988705 
334.942790 
334.880354 
334.798839 
334.695484 
334.567757 
334.413883 
334.234198 
334.033677 
333.826464 
333.643140 
333.535851 
333.545905 
333.608073 
333.915085 
333.977118 
334.039770 
334.103048 
334.166956 
334.231500 
334.296685 
334.691803 
334.757383 
334.823613 
334.890498 
334.958043 
335.026253 
335.095135 
335.164692 
335.234922 
335.305804 
335.377319 
335.449448 
335.522171 
335.595457 
335.669236 
335.743431 
335.817965 
335.892756 
335.967656 
336.042458 
336.116952 
336.190913 
336.263953 
336.335593 
336.405343 
336.472479 
336.536008 
336.594872 
336.647456 
336.691787 
336.725283 
336.744384 
336.744477 
336.719227 
336.659943 
336.554851 
336.387684 
336.136467 
335.773053 
335.267298 
334.611992 
333.954333 
333.794335 
334.268369 
334.340099 
334.412763 
334.486427 
334.561152 
334.637003 
334.714043 
335.102311 
335.180800 
335.260646 
335.341912 
335.424659 
335.508950 
335.594848 
335.682414 
335.771728 
335.862895 
335.956020 
336.051207 
336.148563 
336.248202 
336.350268 
336.454911 
336.562281 
336.672530 
336.785839 
336.902417 
337.022473 
337.146220 
337.273901 
337.405780 
337.542122 
337.683196 
337.829276 
337.980631 
338.137456 
338.299895 
338.467920 
338.641223 
338.819028 
338.999740 
339.180212 
339.354755 
339.512733 
339.634045 
339.679547 
339.568781 
339.123784 
337.856168 
333.583053 
334.373605 
334.450635 
334.528774 
334.608122 
334.688782 
334.770856 
334.854444 
335.239125 
335.324806 
335.412277 
335.501637 
335.592986 
335.686424 
335.782051 
335.879967 
335.980310 
336.083271 
336.189044 
336.297821 
336.409796 
336.525190 
336.644307 
336.767469 
336.894998 
337.027225 
337.164593 
337.307654 
337.456959 
337.613084 
337.776835 
337.949150 
338.130977 
338.323555 
338.528455 
338.747321 
338.982424 
339.236434 
339.512672 
339.815504 
340.150423 
340.524775 
340.948571 
341.435567 
342.005664 
342.688665 
343.531346 
344.611975 
346.072401 
348.232565 
352.806637 
