326.316858 
326.333443 
326.354360 
326.379793 
326.409794 
326.444356 
326.483493 
326.527456 
326.577091 
326.634399 
326.703568 
326.793296 
326.921605 
326.977253 
326.468958 
326.487212 
326.504970 
326.522163 
326.538720 
326.554572 
326.569650 
326.583884 
326.597204 
326.609540 
326.620824 
326.630986 
326.639955 
326.647663 
326.654040 
326.659013 
326.662510 
326.664456 
326.664775 
326.663395 
326.660251 
326.655317 
326.648572 
326.639996 
326.629573 
326.617360 
326.603474 
326.588039 
326.571189 
326.553215 
326.534495 
326.515414 
326.496513 
326.478512 
326.462161 
326.448404 
327.564576 
327.568305 
327.576851 
327.590975 
327.611313 
327.638197 
327.671511 
327.710431 
327.753234 
327.797103 
327.837509 
327.865630 
327.862517 
327.847992 
327.749994 
327.778274 
327.806088 
327.833350 
327.859973 
327.885871 
327.910955 
327.935140 
327.958339 
327.980465 
328.001431 
328.021150 
328.039535 
328.056501 
328.071958 
328.085808 
328.097932 
328.108210 
328.116521 
328.122747 
328.126769 
328.128472 
328.127744 
328.124472 
328.118543 
328.109877 
328.098417 
328.084110 
328.066911 
328.046869 
328.024085 
327.998669 
327.970863 
327.941062 
327.909697 
327.877477 
328.851028 
328.821750 
328.793807 
328.768754 
328.748543 
328.735330 
328.731277 
328.738015 
328.755780 
328.782381 
328.812934 
328.842821 
328.874884 
328.919024 
328.927919 
328.969080 
329.010052 
329.050751 
329.091095 
329.131001 
329.170386 
329.209166 
329.247259 
329.284581 
329.321051 
329.356584 
329.391097 
329.424509 
329.456734 
329.487663 
329.517147 
329.545034 
329.571175 
329.595417 
329.617595 
329.637490 
329.654872 
329.669514 
329.681182 
329.689586 
329.694384 
329.695231 
329.691774 
329.683587 
329.670198 
329.651133 
329.625889 
329.593923 
329.554700 
329.507765 
330.333155 
330.269932 
330.198232 
330.118748 
330.033045 
329.943993 
329.856159 
329.776475 
329.714410 
329.681010 
329.684911 
329.723575 
329.778617 
329.846589 
329.950223 
330.006097 
330.062222 
330.118549 
330.175029 
330.231612 
330.288247 
330.344886 
330.401479 
330.457977 
330.514330 
330.570487 
330.626401 
330.682020 
330.737296 
330.792147 
330.846456 
330.900100 
330.952956 
331.004902 
331.055791 
331.105396 
331.153472 
331.199773 
331.244049 
331.285930 
331.324939 
331.360599 
331.392407 
331.419629 
331.441402 
331.456848 
331.464834 
331.463932 
331.452658 
331.429094 
332.151977 
332.097242 
332.023209 
331.926923 
331.805215 
331.655210 
331.474950 
331.264971 
331.031216 
330.790213 
330.577327 
330.452509 
330.463080 
330.541501 
330.755476 
330.825831 
330.896914 
330.968738 
331.041310 
331.114642 
331.188743 
331.263624 
331.339294 
331.415763 
331.493041 
331.571139 
331.650065 
331.729831 
331.810445 
331.891907 
331.974200 
332.057308 
332.141213 
332.225898 
332.311331 
332.397433 
332.484115 
332.571286 
332.658853 
332.746636 
332.834382 
332.921835 
333.008717 
333.094552 
333.178745 
333.260693 
333.339505 
333.413963 
333.482773 
333.543972 
334.244295 
334.280581 
334.300214 
334.297913 
334.266431 
334.195821 
334.072590 
333.878076 
333.587022 
333.167023 
332.583330 
331.827597 
331.069336 
330.964420 
331.282684 
331.364667 
331.447770 
331.532069 
331.617638 
331.704555 
331.792893 
331.882729 
331.974139 
332.067197 
332.161980 
332.258563 
332.357021 
332.457430 
332.559867 
332.664427 
332.771232 
332.880409 
332.992080 
333.106372 
333.223419 
333.343388 
333.466452 
333.592785 
333.722562 
333.855993 
333.993315 
334.134766 
334.280589 
334.431065 
334.586494 
334.747177 
334.913424 
335.085551 
335.263868 
335.448602 
336.194773 
336.386019 
336.583348 
336.785886 
336.991814 
337.197519 
337.396459 
337.576382 
337.714130 
337.764612 
337.635179 
337.120930 
335.659531 
331.055243 
331.482755 
331.571096 
331.660771 
331.751898 
331.844597 
331.938984 
332.035180 
332.133303 
332.233471 
332.335802 
332.440416 
332.547431 
332.656965 
332.769137 
332.884067 
333.001917 
333.122909 
333.247270 
333.375225 
333.507000 
333.642853 
333.783139 
333.928233 
334.078513 
334.234363 
334.396305 
334.564987 
334.741058 
334.925199 
335.118363 
335.321665 
335.536234 
335.763545 
336.005476 
336.263993 
336.541812 
337.340301 
337.656226 
338.002783 
338.386295 
338.815211 
339.301048 
339.859623 
340.513833 
341.297967 
342.265860 
343.507602 
345.186481 
347.670870 
352.608695 
