325.589100 
325.605692 
325.623099 
325.641423 
325.660785 
325.681311 
325.703170 
325.726567 
325.751731 
325.778980 
325.808679 
325.841327 
325.877540 
325.918181 
325.964392 
326.017814 
326.080863 
326.157273 
326.253194 
326.379606 
326.558265 
326.836039 
327.149309 
325.364352 
325.370750 
325.377306 
325.384030 
325.390934 
325.398029 
325.405325 
325.412832 
325.420563 
325.428527 
325.436735 
325.445199 
325.453928 
325.462935 
325.472228 
325.481822 
325.491729 
325.501964 
325.512541 
325.523474 
325.534779 
325.546479 
325.558597 
325.571156 
325.584183 
325.597712 
325.611789 
326.521310 
326.541169 
326.561785 
326.583226 
326.605570 
326.628900 
326.653314 
326.678928 
326.705863 
326.734267 
326.764294 
326.796116 
326.829908 
326.865831 
326.903996 
326.944377 
326.986615 
327.029585 
327.070329 
327.101284 
327.102693 
327.025213 
326.905121 
326.250275 
326.258574 
326.267050 
326.275719 
326.284595 
326.293693 
326.303026 
326.312609 
326.322457 
326.332584 
326.343004 
326.353731 
326.364781 
326.376167 
326.387903 
326.400005 
326.412488 
326.425368 
326.438660 
326.452380 
326.466544 
326.481171 
326.496280 
326.511890 
326.528020 
326.544696 
326.561947 
327.388677 
327.408465 
327.428671 
327.449289 
327.470304 
327.491702 
327.513454 
327.535514 
327.557828 
327.580293 
327.602781 
327.625076 
327.646887 
327.667751 
327.687014 
327.703686 
327.716320 
327.722844 
327.720509 
327.706542 
327.681666 
327.660597 
327.639814 
327.124040 
327.133456 
327.143008 
327.152713 
327.162590 
327.172654 
327.182923 
327.193415 
327.204146 
327.215135 
327.226397 
327.237950 
327.249811 
327.261999 
327.274529 
327.287418 
327.300684 
327.314341 
327.328407 
327.342897 
327.357826 
327.373203 
327.389036 
327.405334 
327.422104 
327.439348 
327.457061 
328.198136 
328.215921 
328.233811 
328.251739 
328.269624 
328.287383 
328.304907 
328.322068 
328.338727 
328.354701 
328.369792 
328.383752 
328.396299 
328.407109 
328.415834 
328.422144 
328.425840 
328.427075 
328.426764 
328.427131 
328.431639 
328.442281 
328.459100 
327.987918 
327.997874 
328.007853 
328.017873 
328.027954 
328.038114 
328.048372 
328.058747 
328.069257 
328.079923 
328.090762 
328.101793 
328.113035 
328.124507 
328.136229 
328.148219 
328.160498 
328.173088 
328.186010 
328.199284 
328.212929 
328.226954 
328.241368 
328.256179 
328.271393 
328.287003 
328.302989 
328.965774 
328.980953 
328.996190 
329.011415 
329.026541 
329.041479 
329.056125 
329.070360 
329.084066 
329.097123 
329.109411 
329.120841 
329.131345 
329.140928 
329.149669 
329.157782 
329.165646 
329.173809 
329.182906 
329.193342 
329.204773 
329.215723 
329.244216 
328.846745 
328.857160 
328.867423 
328.877551 
328.887562 
328.897472 
328.907297 
328.917055 
328.926763 
328.936438 
328.946096 
328.955754 
328.965430 
328.975139 
328.984900 
328.994734 
329.004671 
329.014739 
329.024969 
329.035390 
329.046031 
329.056921 
329.068088 
329.079559 
329.091363 
329.103516 
329.116027 
329.711369 
329.723534 
329.735996 
329.748739 
329.761732 
329.774946 
329.788332 
329.801828 
329.815370 
329.828890 
329.842320 
329.855619 
329.868764 
329.881782 
329.894740 
329.907749 
329.920929 
329.934352 
329.947982 
329.961660 
329.975258 
329.989277 
329.980947 
329.705513 
329.717047 
329.728234 
329.739082 
329.749597 
329.759788 
329.769660 
329.779222 
329.788481 
329.797444 
329.806119 
329.814512 
329.822632 
329.830485 
329.838079 
329.845431 
329.852573 
329.859535 
329.866350 
329.873049 
329.879669 
329.886262 
329.892884 
329.899591 
329.906438 
329.913493 
329.920830 
330.457597 
330.465385 
330.473726 
330.482709 
330.492422 
330.502951 
330.514360 
330.526695 
330.539990 
330.554228 
330.569371 
330.585332 
330.601985 
330.619173 
330.636715 
330.654422 
330.672119 
330.689656 
330.706913 
330.723802 
330.740210 
330.755574 
330.774053 
330.565743 
330.579929 
330.593616 
330.606792 
330.619444 
330.631560 
330.643127 
330.654132 
330.664564 
330.674409 
330.683655 
330.692289 
330.700299 
330.707672 
330.714396 
330.720468 
330.725900 
330.730703 
330.734890 
330.738472 
330.741470 
330.743935 
330.745924 
330.747493 
330.748700 
330.749640 
330.750437 
331.233840 
331.235001 
331.236513 
331.238580 
331.241432 
331.245301 
331.250432 
331.257081 
331.265497 
331.275881 
331.288407 
331.303142 
331.320062 
331.338981 
331.359581 
331.381391 
331.403877 
331.426532 
331.448990 
331.471080 
331.492803 
331.514606 
331.562518 
331.421247 
331.440416 
331.459047 
331.477102 
331.494540 
331.511321 
331.527407 
331.542756 
331.557330 
331.571088 
331.583992 
331.596000 
331.607075 
331.617175 
331.626261 
331.634295 
331.641239 
331.647058 
331.651715 
331.655174 
331.657404 
331.658399 
331.658157 
331.656677 
331.653959 
331.650044 
331.645014 
332.078877 
332.072450 
332.065287 
332.057603 
332.049671 
332.041771 
332.034284 
332.027678 
332.022445 
332.019187 
332.018544 
332.021168 
332.027703 
332.038652 
332.054315 
332.074612 
332.098976 
332.126337 
332.155318 
332.184690 
332.213763 
332.241981 
332.229457 
332.254339 
332.281278 
332.307799 
332.333838 
332.359332 
332.384217 
332.408430 
332.431907 
332.454586 
332.476403 
332.497294 
332.517197 
332.536047 
332.553782 
332.570338 
332.585637 
332.599582 
332.612073 
332.623013 
332.632301 
332.639838 
332.645509 
332.649203 
332.650804 
332.650199 
332.647284 
332.641958 
333.033220 
333.023418 
333.011014 
332.996006 
332.978435 
332.958355 
332.935960 
332.911566 
332.885557 
332.858622 
332.831584 
332.805625 
332.782200 
332.763138 
332.750512 
332.746519 
332.753037 
332.770967 
332.799356 
332.834917 
332.873306 
332.912343 
332.983839 
333.033863 
333.071185 
333.108361 
333.145323 
333.182001 
333.218329 
333.254236 
333.289656 
333.324519 
333.358757 
333.392302 
333.425085 
333.457039 
333.488094 
333.518181 
333.547205 
333.575030 
333.601519 
333.626536 
333.649942 
333.671586 
333.691260 
333.708748 
333.723833 
333.736296 
333.745861 
333.752204 
334.114550 
334.113850 
334.108944 
334.099418 
334.084820 
334.064701 
334.038614 
334.006115 
333.966795 
333.920415 
333.866831 
333.806317 
333.739519 
333.667956 
333.594111 
333.522059 
333.457793 
333.409341 
333.385839 
333.393954 
333.430410 
333.478701 
333.549115 
333.716280 
333.765606 
333.815158 
333.864891 
333.914761 
333.964723 
334.014734 
334.064748 
334.114722 
334.164612 
334.214371 
334.263957 
334.313326 
334.362431 
334.411229 
334.459647 
334.507574 
334.554897 
334.601502 
334.647276 
334.692084 
334.735721 
334.777967 
334.818603 
334.857404 
334.894047 
334.928123 
335.281298 
335.308819 
335.332411 
335.351375 
335.364881 
335.372084 
335.371883 
335.362957 
335.343898 
335.312889 
335.267955 
335.206776 
335.126803 
335.025356 
334.899911 
334.748721 
334.572143 
334.375068 
334.171421 
333.991245 
333.885955 
333.896605 
333.897193 
334.250458 
334.311647 
334.373447 
334.435863 
334.498901 
334.562567 
334.626866 
334.691803 
334.757383 
334.823613 
334.890498 
334.958043 
335.026253 
335.095135 
335.164692 
335.234922 
335.305804 
335.377319 
335.449448 
335.522171 
335.595457 
335.669236 
335.743431 
335.817965 
335.892756 
335.967656 
336.042458 
336.405834 
336.478858 
336.551012 
336.621824 
336.690698 
336.757020 
336.819851 
336.877976 
336.930028 
336.973893 
337.007123 
337.026169 
337.026555 
337.001922 
336.943889 
336.840766 
336.676540 
336.429617 
336.072304 
335.574930 
334.930357 
334.283107 
334.289723 
334.585662 
334.656393 
334.728046 
334.800682 
334.874365 
334.949156 
335.025117 
335.102311 
335.180800 
335.260646 
335.341912 
335.424659 
335.508950 
335.594848 
335.682414 
335.771728 
335.862895 
335.956020 
336.051207 
336.148563 
336.248202 
336.350268 
336.454911 
336.562281 
336.672530 
336.785839 
336.902417 
337.285794 
337.407839 
337.533753 
337.663788 
337.798217 
337.937307 
338.081323 
338.230516 
338.385117 
338.545218 
338.710840 
338.881632 
339.056895 
339.234960 
339.412847 
339.584917 
339.740666 
339.860330 
339.905362 
339.796734 
339.359264 
338.112649 
334.101533 
334.681088 
334.757035 
334.834072 
334.912302 
334.991822 
335.072732 
335.155133 
335.239125 
335.324806 
335.412277 
335.501637 
335.592986 
335.686424 
335.782051 
335.879967 
335.980310 
336.083271 
336.189044 
336.297821 
336.409796 
336.525190 
336.644307 
336.767469 
336.894998 
337.027225 
337.164593 
337.307654 
337.705868 
337.859818 
338.021223 
338.190997 
338.370224 
338.560010 
338.761846 
338.977554 
339.209126 
339.459370 
339.731461 
340.029744 
340.359554 
340.728261 
341.145529 
341.624990 
342.186256 
342.858624 
343.688145 
344.751730 
346.189022 
348.314725 
352.560374 
