333.285353 
333.662425 
334.015435 
334.311161 
334.488603 
334.436557 
333.951919 
332.664577 
329.857181 
323.282451 
323.228478 
323.265755 
323.305171 
323.347347 
323.392899 
323.442447 
323.496609 
323.556003 
323.621249 
323.692963 
323.771766 
323.858275 
323.953109 
324.056886 
324.170230 
324.294003 
324.429390 
324.577598 
324.739837 
324.917314 
325.111363 
325.323729 
325.556240 
325.810727 
326.089041 
326.393469 
326.726681 
327.091358 
327.490241 
327.926670 
328.404328 
328.926916 
329.498652 
330.124341 
330.808884 
331.557907 
332.377500 
333.274238 
334.255465 
335.329078 
335.620636 
336.183920 
336.800917 
337.498935 
338.326982 
339.373235 
340.797493 
342.889549 
346.220298 
352.944184 
