326.105795 
326.108447 
326.112086 
326.116886 
326.123032 
326.130715 
326.140124 
326.151433 
326.164798 
326.180368 
326.198249 
326.218518 
326.241232 
326.266419 
326.294130 
326.324461 
326.357657 
326.394197 
326.434979 
326.481585 
326.536776 
326.605599 
326.698134 
326.835374 
326.916346 
326.265586 
326.276067 
326.285955 
326.295228 
326.303865 
326.311844 
326.319142 
326.325738 
326.331609 
326.336735 
326.341092 
326.344660 
326.347416 
326.349337 
326.350404 
326.350611 
326.349977 
326.348522 
326.346267 
326.343232 
326.339454 
326.335022 
326.330037 
326.324600 
326.318814 
327.318785 
327.318574 
327.318932 
327.320052 
327.322173 
327.325565 
327.330497 
327.337256 
327.346155 
327.357502 
327.371585 
327.388675 
327.408983 
327.432631 
327.459636 
327.489848 
327.522941 
327.558387 
327.595426 
327.632978 
327.669262 
327.700524 
327.717433 
327.698027 
327.673831 
327.501011 
327.518283 
327.534906 
327.550840 
327.566041 
327.580468 
327.594078 
327.606831 
327.618683 
327.629593 
327.639518 
327.648417 
327.656248 
327.662968 
327.668536 
327.672918 
327.676093 
327.678039 
327.678736 
327.678161 
327.676307 
327.673202 
327.668886 
327.663395 
327.656772 
328.571326 
328.566342 
328.560565 
328.554100 
328.547134 
328.539906 
328.532656 
328.525712 
328.519504 
328.514476 
328.511178 
328.510230 
328.512268 
328.517953 
328.527853 
328.542356 
328.561476 
328.584693 
328.610707 
328.637358 
328.661843 
328.681576 
328.696358 
328.712719 
328.751914 
328.686344 
328.713542 
328.740252 
328.766411 
328.791951 
328.816810 
328.840922 
328.864222 
328.886646 
328.908128 
328.928605 
328.948010 
328.966280 
328.983349 
328.999153 
329.013614 
329.026639 
329.038133 
329.048000 
329.056148 
329.062477 
329.066881 
329.069253 
329.069485 
329.067468 
329.892282 
329.886914 
329.878871 
329.868031 
329.854328 
329.837721 
329.818176 
329.795765 
329.770679 
329.743141 
329.713624 
329.682768 
329.651441 
329.620881 
329.592604 
329.568538 
329.550887 
329.541974 
329.543847 
329.557592 
329.582535 
329.615923 
329.654261 
329.695471 
329.750871 
329.782634 
329.822624 
329.862469 
329.902098 
329.941439 
329.980420 
330.018970 
330.057016 
330.094487 
330.131312 
330.167418 
330.202733 
330.237187 
330.270707 
330.303220 
330.334624 
330.364773 
330.393518 
330.420711 
330.446203 
330.469827 
330.491349 
330.510525 
330.527109 
330.540852 
331.287550 
331.294447 
331.297360 
331.295897 
331.289592 
331.277936 
331.260418 
331.236505 
331.205642 
331.167280 
331.120979 
331.066367 
331.003305 
330.932038 
330.853337 
330.768855 
330.681556 
330.596093 
330.519437 
330.460954 
330.431287 
330.438154 
330.477733 
330.530986 
330.584819 
330.737055 
330.791506 
330.846256 
330.901259 
330.956467 
331.011832 
331.067306 
331.122841 
331.178390 
331.233905 
331.289338 
331.344642 
331.399769 
331.454671 
331.509299 
331.563572 
331.617364 
331.670544 
331.722983 
331.774550 
331.825090 
331.874361 
331.922104 
331.968060 
332.011963 
332.703753 
332.740866 
332.774583 
332.804410 
332.829650 
332.849489 
332.863101 
332.869437 
332.867189 
332.855002 
332.831139 
332.793623 
332.740221 
332.668300 
332.575047 
332.457437 
332.312711 
332.138967 
331.936653 
331.711370 
331.478902 
331.273326 
331.152833 
331.163966 
331.220884 
331.488719 
331.557261 
331.626547 
331.696583 
331.767375 
331.838929 
331.911252 
331.984350 
332.058229 
332.132895 
332.208354 
332.284613 
332.361677 
332.439553 
332.518247 
332.597752 
332.678041 
332.759091 
332.840873 
332.923361 
333.006516 
333.090250 
333.174465 
333.259065 
333.343948 
334.006682 
334.088802 
334.170520 
334.251582 
334.331555 
334.409903 
334.486082 
334.559288 
334.628421 
334.692310 
334.749166 
334.796804 
334.832363 
334.851897 
334.850280 
334.820471 
334.752793 
334.634117 
334.446292 
334.164784 
333.758165 
333.192781 
332.460552 
331.725487 
331.568920 
331.977974 
332.057755 
332.138629 
332.220665 
332.303932 
332.388499 
332.474437 
332.561813 
332.650698 
332.741161 
332.833272 
332.927099 
333.022712 
333.120180 
333.219574 
333.320982 
333.424518 
333.530301 
333.638446 
333.749070 
333.862302 
333.978300 
334.097235 
334.219273 
334.344584 
334.997481 
335.126042 
335.258457 
335.394963 
335.535839 
335.681383 
335.831895 
335.987680 
336.149053 
336.316322 
336.489709 
336.669386 
336.855328 
337.047194 
337.244123 
337.444336 
337.644314 
337.837701 
338.012618 
338.146623 
338.196024 
338.071033 
337.573069 
336.157250 
331.513027 
332.157245 
332.243146 
332.330327 
332.418901 
332.508977 
332.600669 
332.694087 
332.789343 
332.886549 
332.985817 
333.087258 
333.190983 
333.297105 
333.405735 
333.516986 
333.631013 
333.748031 
333.868260 
333.991917 
334.119223 
334.250426 
334.385876 
334.525941 
334.670990 
334.821400 
335.472345 
335.630417 
335.795450 
335.968089 
336.149239 
336.339949 
336.541283 
336.754628 
336.981739 
337.224453 
337.485304 
337.767273 
338.074061 
338.410535 
338.782819 
339.199100 
339.670540 
340.212479 
340.847115 
341.607694 
342.546403 
343.750571 
345.378471 
347.787108 
352.802966 
