325.921713 
325.925897 
325.930574 
325.935828 
325.941741 
325.948397 
325.955881 
325.964280 
325.973681 
325.984169 
325.995819 
326.008695 
326.022863 
326.038376 
326.055273 
326.073591 
326.093373 
326.114662 
326.137532 
326.162106 
326.188586 
326.217297 
326.248763 
326.283774 
326.323564 
326.370086 
326.426581 
326.498881 
326.598570 
326.749982 
326.893488 
326.055479 
326.061597 
326.067223 
326.072371 
326.077054 
326.081285 
326.085077 
326.088444 
326.091398 
326.093953 
326.096122 
326.097919 
326.099356 
326.100447 
326.101205 
326.101664 
326.101886 
326.101935 
326.101874 
327.049520 
327.053398 
327.057605 
327.062241 
327.067406 
327.073202 
327.079744 
327.087164 
327.095591 
327.105157 
327.115994 
327.128235 
327.142012 
327.157442 
327.174620 
327.193636 
327.214536 
327.237336 
327.262017 
327.288505 
327.316694 
327.346433 
327.377531 
327.409744 
327.442699 
327.475678 
327.507038 
327.532685 
327.542006 
327.509513 
327.469531 
327.226221 
327.236698 
327.246574 
327.255850 
327.264523 
327.272593 
327.280058 
327.286917 
327.293169 
327.298812 
327.303847 
327.308271 
327.312083 
327.315282 
327.317867 
327.319857 
327.321292 
327.322216 
327.322673 
328.193797 
328.196169 
328.198279 
328.200204 
328.202022 
328.203814 
328.205693 
328.207805 
328.210298 
328.213322 
328.217071 
328.221761 
328.227610 
328.234850 
328.243724 
328.254476 
328.267304 
328.282377 
328.299780 
328.319461 
328.341221 
328.364620 
328.388948 
328.413195 
328.436026 
328.455813 
328.470732 
328.479182 
328.481630 
328.485747 
328.512227 
328.379333 
328.396741 
328.413572 
328.429792 
328.445369 
328.460272 
328.474468 
328.487927 
328.500614 
328.512500 
328.523551 
328.533736 
328.543023 
328.551380 
328.558775 
328.565180 
328.570573 
328.574931 
328.578234 
329.369543 
329.372013 
329.373333 
329.373498 
329.372502 
329.370344 
329.367057 
329.362712 
329.357379 
329.351135 
329.344143 
329.336608 
329.328741 
329.320835 
329.313280 
329.306478 
329.300934 
329.297217 
329.295915 
329.297645 
329.302956 
329.312261 
329.325691 
329.343006 
329.363480 
329.386008 
329.409551 
329.433916 
329.460143 
329.489046 
329.533123 
329.489882 
329.517103 
329.543919 
329.570268 
329.596085 
329.621307 
329.645872 
329.669716 
329.692776 
329.714988 
329.736289 
329.756616 
329.775906 
329.794096 
329.811121 
329.826901 
329.841333 
329.854313 
329.865734 
330.582975 
330.591190 
330.597449 
330.601614 
330.603551 
330.603123 
330.600198 
330.594645 
330.586337 
330.575147 
330.561008 
330.543880 
330.523731 
330.500633 
330.474784 
330.446410 
330.416000 
330.384209 
330.351933 
330.320458 
330.291365 
330.266690 
330.248785 
330.240172 
330.243133 
330.258946 
330.286879 
330.323490 
330.363755 
330.404141 
330.452322 
330.518770 
330.558393 
330.597926 
330.637294 
330.676424 
330.715241 
330.753670 
330.791638 
330.829071 
330.865893 
330.902032 
330.937411 
330.971958 
331.005599 
331.038257 
331.069825 
331.100149 
331.129072 
331.156438 
331.813194 
331.836332 
331.857323 
331.875919 
331.891874 
331.904936 
331.914794 
331.921080 
331.923426 
331.921455 
331.914725 
331.902752 
331.885051 
331.861125 
331.830457 
331.792540 
331.746980 
331.693458 
331.631886 
331.562558 
331.486280 
331.404715 
331.320777 
331.238986 
331.166038 
331.110858 
331.083520 
331.091296 
331.130562 
331.183651 
331.253306 
331.414462 
331.467979 
331.521807 
331.575895 
331.630193 
331.684649 
331.739213 
331.793833 
331.848460 
331.903040 
331.957525 
332.011863 
332.066002 
332.119892 
332.173482 
332.226686 
332.279375 
332.331415 
332.382675 
332.996707 
333.044601 
333.091186 
333.136219 
333.179454 
333.220642 
333.259425 
333.295355 
333.327981 
333.356830 
333.381235 
333.400416 
333.413582 
333.419726 
333.417592 
333.405876 
333.382904 
333.346765 
333.295297 
333.225941 
333.135951 
333.022360 
332.882442 
332.714286 
332.518254 
332.299733 
332.074059 
331.874417 
331.757430 
331.767972 
331.851486 
332.118324 
332.185333 
332.253059 
332.321506 
332.390677 
332.460575 
332.531204 
332.602568 
332.674669 
332.747512 
332.821100 
332.895436 
332.970523 
333.046366 
333.122967 
333.200317 
333.278391 
333.357162 
333.436602 
334.025193 
334.103755 
334.182821 
334.262305 
334.342123 
334.422183 
334.502327 
334.582330 
334.661967 
334.740994 
334.818996 
334.895458 
334.969854 
335.041407 
335.109048 
335.171641 
335.227441 
335.274319 
335.309482 
335.329076 
335.328097 
335.299671 
335.234359 
335.119373 
334.937043 
334.663503 
334.268192 
333.718384 
333.006264 
332.291704 
332.222313 
332.573199 
332.650959 
332.729761 
332.809670 
332.890755 
332.973082 
333.056719 
333.141731 
333.228187 
333.316152 
333.405695 
333.496882 
333.589780 
333.684456 
333.780977 
333.879431 
333.979931 
334.082592 
334.187529 
334.763587 
334.870651 
334.980333 
335.092797 
335.208208 
335.326731 
335.448567 
335.573944 
335.703093 
335.836248 
335.973678 
336.115673 
336.262524 
336.414527 
336.571984 
336.735191 
336.904359 
337.079649 
337.261028 
337.448160 
337.640199 
337.835410 
338.030368 
338.218891 
338.389427 
338.520146 
338.568540 
338.447249 
337.963032 
336.585561 
332.396095 
332.733566 
332.817178 
332.902008 
332.988165 
333.075758 
333.164897 
333.255691 
333.348249 
333.442680 
333.539095 
333.637602 
333.738310 
333.841329 
333.946768 
334.054738 
334.165391 
334.278940 
334.395599 
334.515585 
335.086238 
335.210378 
335.338552 
335.471114 
335.608417 
335.750818 
335.898806 
336.052979 
336.213940 
336.382317 
336.558986 
336.744967 
336.941291 
337.149303 
337.370708 
337.607289 
337.861509 
338.136265 
338.435157 
338.762919 
339.125511 
339.530902 
339.989956 
340.517603 
341.135444 
341.875830 
342.789542 
343.961552 
345.545867 
347.889896 
352.268148 
