326.605599 
326.698134 
326.835374 
326.916346 
326.265586 
326.276067 
326.285955 
326.295228 
326.303865 
326.311844 
326.319142 
326.325738 
326.331609 
326.336735 
326.341092 
326.344660 
326.347416 
326.349337 
326.350404 
326.350611 
326.349977 
326.348522 
326.346267 
326.343232 
326.339454 
326.335022 
326.330037 
326.324600 
326.318814 
326.312847 
326.306922 
326.301263 
326.296104 
326.291758 
326.288589 
326.286958 
326.287270 
326.289973 
326.295517 
326.304338 
326.316858 
326.333443 
326.354360 
326.379793 
326.409794 
326.444356 
326.483493 
326.527456 
326.577091 
326.634399 
327.700524 
327.717433 
327.698027 
327.673831 
327.501011 
327.518283 
327.534906 
327.550840 
327.566041 
327.580468 
327.594078 
327.606831 
327.618683 
327.629593 
327.639518 
327.648417 
327.656248 
327.662968 
327.668536 
327.672918 
327.676093 
327.678039 
327.678736 
327.678161 
327.676307 
327.673202 
327.668886 
327.663395 
327.656772 
327.649113 
327.640567 
327.631284 
327.621424 
327.611248 
327.601078 
327.591237 
327.582145 
327.574332 
327.568345 
327.564846 
327.564576 
327.568305 
327.576851 
327.590975 
327.611313 
327.638197 
327.671511 
327.710431 
327.753234 
327.797103 
328.681576 
328.696358 
328.712719 
328.751914 
328.686344 
328.713542 
328.740252 
328.766411 
328.791951 
328.816810 
328.840922 
328.864222 
328.886646 
328.908128 
328.928605 
328.948010 
328.966280 
328.983349 
328.999153 
329.013614 
329.026639 
329.038133 
329.048000 
329.056148 
329.062477 
329.066881 
329.069253 
329.069485 
329.067468 
329.063102 
329.056293 
329.046945 
329.034970 
329.020335 
329.003035 
328.983074 
328.960557 
328.935716 
328.908809 
328.880352 
328.851028 
328.821750 
328.793807 
328.768754 
328.748543 
328.735330 
328.731277 
328.738015 
328.755780 
328.782381 
329.615923 
329.654261 
329.695471 
329.750871 
329.782634 
329.822624 
329.862469 
329.902098 
329.941439 
329.980420 
330.018970 
330.057016 
330.094487 
330.131312 
330.167418 
330.202733 
330.237187 
330.270707 
330.303220 
330.334624 
330.364773 
330.393518 
330.420711 
330.446203 
330.469827 
330.491349 
330.510525 
330.527109 
330.540852 
330.551434 
330.558475 
330.561591 
330.560391 
330.554399 
330.543094 
330.525950 
330.502414 
330.471902 
330.433833 
330.387724 
330.333155 
330.269932 
330.198232 
330.118748 
330.033045 
329.943993 
329.856159 
329.776475 
329.714410 
329.681010 
330.438154 
330.477733 
330.530986 
330.584819 
330.737055 
330.791506 
330.846256 
330.901259 
330.956467 
331.011832 
331.067306 
331.122841 
331.178390 
331.233905 
331.289338 
331.344642 
331.399769 
331.454671 
331.509299 
331.563572 
331.617364 
331.670544 
331.722983 
331.774550 
331.825090 
331.874361 
331.922104 
331.968060 
332.011963 
332.053430 
332.091975 
332.127107 
332.158314 
332.184867 
332.205912 
332.220585 
332.227784 
332.226134 
332.214209 
332.190184 
332.151977 
332.097242 
332.023209 
331.926923 
331.805215 
331.655210 
331.474950 
331.264971 
331.031216 
330.790213 
331.273326 
331.152833 
331.163966 
331.220884 
331.488719 
331.557261 
331.626547 
331.696583 
331.767375 
331.838929 
331.911252 
331.984350 
332.058229 
332.132895 
332.208354 
332.284613 
332.361677 
332.439553 
332.518247 
332.597752 
332.678041 
332.759091 
332.840873 
332.923361 
333.006516 
333.090250 
333.174465 
333.259065 
333.343948 
333.428934 
333.513773 
333.598213 
333.681982 
333.764624 
333.845572 
333.924254 
333.999825 
334.071134 
334.136956 
334.195434 
334.244295 
334.280581 
334.300214 
334.297913 
334.266431 
334.195821 
334.072590 
333.878076 
333.587022 
333.167023 
333.192781 
332.460552 
331.725487 
331.568920 
331.977974 
332.057755 
332.138629 
332.220665 
332.303932 
332.388499 
332.474437 
332.561813 
332.650698 
332.741161 
332.833272 
332.927099 
333.022712 
333.120180 
333.219574 
333.320982 
333.424518 
333.530301 
333.638446 
333.749070 
333.862302 
333.978300 
334.097235 
334.219273 
334.344584 
334.473374 
334.605879 
334.742335 
334.882984 
335.028107 
335.178007 
335.332988 
335.493362 
335.659451 
335.831569 
336.009950 
336.194773 
336.386019 
336.583348 
336.785886 
336.991814 
337.197519 
337.396459 
337.576382 
337.714130 
337.764612 
338.071033 
337.573069 
336.157250 
331.513027 
332.157245 
332.243146 
332.330327 
332.418901 
332.508977 
332.600669 
332.694087 
332.789343 
332.886549 
332.985817 
333.087258 
333.190983 
333.297105 
333.405735 
333.516986 
333.631013 
333.748031 
333.868260 
333.991917 
334.119223 
334.250426 
334.385876 
334.525941 
334.670990 
334.821400 
334.977684 
335.140477 
335.310415 
335.488164 
335.674655 
335.870973 
336.078216 
336.297816 
336.531590 
336.781438 
337.049981 
337.340301 
337.656226 
338.002783 
338.386295 
338.815211 
339.301048 
339.859623 
340.513833 
341.297967 
342.265860 
343.750571 
345.378471 
347.787108 
352.802966 
