326.099356 
326.100447 
326.101205 
326.101664 
326.101886 
326.101935 
326.101874 
326.101767 
326.101689 
326.101751 
326.102071 
326.102767 
326.103959 
326.105795 
326.108447 
326.112086 
326.116886 
326.123032 
326.130715 
326.140124 
326.151433 
326.164798 
326.180368 
326.198249 
326.218518 
326.241232 
326.266419 
326.294130 
326.324461 
326.357657 
326.394197 
326.434979 
326.481585 
326.536776 
326.605599 
326.698134 
326.835374 
326.916346 
326.265586 
326.276067 
326.285955 
326.295228 
326.303865 
326.311844 
326.319142 
326.325738 
326.331609 
326.336735 
326.341092 
326.344660 
327.312083 
327.315282 
327.317867 
327.319857 
327.321292 
327.322216 
327.322673 
327.322706 
327.322372 
327.321767 
327.320996 
327.320163 
327.319377 
327.318785 
327.318574 
327.318932 
327.320052 
327.322173 
327.325565 
327.330497 
327.337256 
327.346155 
327.357502 
327.371585 
327.388675 
327.408983 
327.432631 
327.459636 
327.489848 
327.522941 
327.558387 
327.595426 
327.632978 
327.669262 
327.700524 
327.717433 
327.698027 
327.673831 
327.501011 
327.518283 
327.534906 
327.550840 
327.566041 
327.580468 
327.594078 
327.606831 
327.618683 
327.629593 
327.639518 
327.648417 
328.543023 
328.551380 
328.558775 
328.565180 
328.570573 
328.574931 
328.578234 
328.580458 
328.581589 
328.581637 
328.580616 
328.578539 
328.575423 
328.571326 
328.566342 
328.560565 
328.554100 
328.547134 
328.539906 
328.532656 
328.525712 
328.519504 
328.514476 
328.511178 
328.510230 
328.512268 
328.517953 
328.527853 
328.542356 
328.561476 
328.584693 
328.610707 
328.637358 
328.661843 
328.681576 
328.696358 
328.712719 
328.751914 
328.686344 
328.713542 
328.740252 
328.766411 
328.791951 
328.816810 
328.840922 
328.864222 
328.886646 
328.908128 
328.928605 
328.948010 
329.775906 
329.794096 
329.811121 
329.826901 
329.841333 
329.854313 
329.865734 
329.875491 
329.883476 
329.889560 
329.893613 
329.895504 
329.895104 
329.892282 
329.886914 
329.878871 
329.868031 
329.854328 
329.837721 
329.818176 
329.795765 
329.770679 
329.743141 
329.713624 
329.682768 
329.651441 
329.620881 
329.592604 
329.568538 
329.550887 
329.541974 
329.543847 
329.557592 
329.582535 
329.615923 
329.654261 
329.695471 
329.750871 
329.782634 
329.822624 
329.862469 
329.902098 
329.941439 
329.980420 
330.018970 
330.057016 
330.094487 
330.131312 
330.167418 
330.202733 
330.971958 
331.005599 
331.038257 
331.069825 
331.100149 
331.129072 
331.156438 
331.182090 
331.205852 
331.227483 
331.246729 
331.263338 
331.277053 
331.287550 
331.294447 
331.297360 
331.295897 
331.289592 
331.277936 
331.260418 
331.236505 
331.205642 
331.167280 
331.120979 
331.066367 
331.003305 
330.932038 
330.853337 
330.768855 
330.681556 
330.596093 
330.519437 
330.460954 
330.431287 
330.438154 
330.477733 
330.530986 
330.584819 
330.737055 
330.791506 
330.846256 
330.901259 
330.956467 
331.011832 
331.067306 
331.122841 
331.178390 
331.233905 
331.289338 
331.344642 
332.066002 
332.119892 
332.173482 
332.226686 
332.279375 
332.331415 
332.382675 
332.433020 
332.482293 
332.530255 
332.576651 
332.621225 
332.663717 
332.703753 
332.740866 
332.774583 
332.804410 
332.829650 
332.849489 
332.863101 
332.869437 
332.867189 
332.855002 
332.831139 
332.793623 
332.740221 
332.668300 
332.575047 
332.457437 
332.312711 
332.138967 
331.936653 
331.711370 
331.478902 
331.273326 
331.152833 
331.163966 
331.220884 
331.488719 
331.557261 
331.626547 
331.696583 
331.767375 
331.838929 
331.911252 
331.984350 
332.058229 
332.132895 
332.208354 
332.284613 
332.970523 
333.046366 
333.122967 
333.200317 
333.278391 
333.357162 
333.436602 
333.516686 
333.597372 
333.678579 
333.760214 
333.842186 
333.924398 
334.006682 
334.088802 
334.170520 
334.251582 
334.331555 
334.409903 
334.486082 
334.559288 
334.628421 
334.692310 
334.749166 
334.796804 
334.832363 
334.851897 
334.850280 
334.820471 
334.752793 
334.634117 
334.446292 
334.164784 
333.758165 
333.192781 
332.460552 
331.725487 
331.568920 
331.977974 
332.057755 
332.138629 
332.220665 
332.303932 
332.388499 
332.474437 
332.561813 
332.650698 
332.741161 
332.833272 
332.927099 
333.589780 
333.684456 
333.780977 
333.879431 
333.979931 
334.082592 
334.187529 
334.294858 
334.404705 
334.517229 
334.632598 
334.750977 
334.872537 
334.997481 
335.126042 
335.258457 
335.394963 
335.535839 
335.681383 
335.831895 
335.987680 
336.149053 
336.316322 
336.489709 
336.669386 
336.855328 
337.047194 
337.244123 
337.444336 
337.644314 
337.837701 
338.012618 
338.146623 
338.196024 
338.071033 
337.573069 
336.157250 
331.513027 
332.157245 
332.243146 
332.330327 
332.418901 
332.508977 
332.600669 
332.694087 
332.789343 
332.886549 
332.985817 
333.087258 
333.190983 
333.841329 
333.946768 
334.054738 
334.165391 
334.278940 
334.395599 
334.515585 
334.639113 
334.766429 
334.897874 
335.033811 
335.174600 
335.320611 
335.472345 
335.630417 
335.795450 
335.968089 
336.149239 
336.339949 
336.541283 
336.754628 
336.981739 
337.224453 
337.485304 
337.767273 
338.074061 
338.410535 
338.782819 
339.199100 
339.670540 
340.212479 
340.847115 
341.607694 
342.546403 
343.750571 
345.378471 
347.787108 
352.802966 
