326.654040 
326.659013 
326.662510 
326.664456 
326.664775 
326.663395 
326.660251 
326.655317 
326.648572 
326.639996 
326.629573 
326.617360 
326.603474 
326.588039 
326.571189 
326.553215 
326.534495 
326.515414 
326.496513 
326.478512 
326.462161 
326.448404 
326.438317 
326.433030 
326.433771 
326.441708 
326.457884 
326.483038 
326.517525 
326.561243 
326.613879 
326.675632 
326.748698 
326.839856 
326.964333 
326.980975 
326.622508 
326.652348 
326.682055 
326.711522 
326.740642 
326.769305 
326.797403 
326.824829 
326.851474 
326.877230 
326.901989 
326.925642 
326.948082 
326.969200 
328.071958 
328.085808 
328.097932 
328.108210 
328.116521 
328.122747 
328.126769 
328.128472 
328.127744 
328.124472 
328.118543 
328.109877 
328.098417 
328.084110 
328.066911 
328.046869 
328.024085 
327.998669 
327.970863 
327.941062 
327.909697 
327.877477 
327.845291 
327.814267 
327.785915 
327.762030 
327.744820 
327.736750 
327.740345 
327.757669 
327.789346 
327.833140 
327.882351 
327.924648 
327.941011 
327.979080 
327.911131 
327.954719 
327.998310 
328.041793 
328.085054 
328.127982 
328.170464 
328.212389 
328.253643 
328.294116 
328.333694 
328.372265 
328.409718 
328.445939 
329.456734 
329.487663 
329.517147 
329.545034 
329.571175 
329.595417 
329.617595 
329.637490 
329.654872 
329.669514 
329.681182 
329.689586 
329.694384 
329.695231 
329.691774 
329.683587 
329.670198 
329.651133 
329.625889 
329.593923 
329.554700 
329.507765 
329.452722 
329.389392 
329.317953 
329.239102 
329.154396 
329.066682 
328.980465 
328.902502 
328.841833 
328.808623 
328.810086 
328.842809 
328.892108 
328.989449 
329.022951 
329.081546 
329.140463 
329.199631 
329.258978 
329.318433 
329.377925 
329.437383 
329.496735 
329.555910 
329.614837 
329.673445 
329.731662 
329.789417 
330.737296 
330.792147 
330.846456 
330.900100 
330.952956 
331.004902 
331.055791 
331.105396 
331.153472 
331.199773 
331.244049 
331.285930 
331.324939 
331.360599 
331.392407 
331.419629 
331.441402 
331.456848 
331.464834 
331.463932 
331.452658 
331.429094 
331.391044 
331.336025 
331.261088 
331.163073 
331.038565 
330.884413 
330.698387 
330.480817 
330.237691 
329.986191 
329.763525 
329.632976 
329.644540 
329.693577 
329.895761 
329.968930 
330.042830 
330.117462 
330.192829 
330.268932 
330.345775 
330.423359 
330.501686 
330.580758 
330.660578 
330.741148 
330.822470 
330.904546 
331.810445 
331.891907 
331.974200 
332.057308 
332.141213 
332.225898 
332.311331 
332.397433 
332.484115 
332.571286 
332.658853 
332.746636 
332.834382 
332.921835 
333.008717 
333.094552 
333.178745 
333.260693 
333.339505 
333.413963 
333.482773 
333.543972 
333.595167 
333.633245 
333.653934 
333.651709 
333.619017 
333.545524 
333.417252 
333.214929 
332.912526 
332.476677 
331.871557 
331.088452 
330.302446 
330.134607 
330.468810 
330.553661 
330.639611 
330.726740 
330.815128 
330.904855 
330.996002 
331.088649 
331.182876 
331.278763 
331.376391 
331.475840 
331.577189 
331.680520 
332.559867 
332.664427 
332.771232 
332.880409 
332.992080 
333.106372 
333.223419 
333.343388 
333.466452 
333.592785 
333.722562 
333.855993 
333.993315 
334.134766 
334.280589 
334.431065 
334.586494 
334.747177 
334.913424 
335.085551 
335.263868 
335.448602 
335.639923 
335.837801 
336.041879 
336.251250 
336.464045 
336.676546 
336.882015 
337.067811 
337.209983 
337.261831 
337.127351 
336.594256 
335.080166 
330.445839 
330.693305 
330.784546 
330.877100 
330.971095 
331.066664 
331.163935 
331.263038 
331.364105 
331.467264 
331.572647 
331.680382 
331.790601 
331.903434 
332.019010 
332.884067 
333.001917 
333.122909 
333.247270 
333.375225 
333.507000 
333.642853 
333.783139 
333.928233 
334.078513 
334.234363 
334.396305 
334.564987 
334.741058 
334.925199 
335.118363 
335.321665 
335.536234 
335.763545 
336.005476 
336.263993 
336.541812 
336.842131 
337.168922 
337.527407 
337.924152 
338.367924 
338.870668 
339.448781 
340.125977 
340.937767 
341.939901 
343.225688 
344.964267 
347.537193 
352.579470 
