327.964289 
328.172675 
328.389554 
328.615271 
328.850200 
329.094714 
329.349189 
329.614026 
329.889641 
330.176450 
330.474855 
330.785244 
331.107987 
331.443268 
331.791147 
332.151228 
332.522368 
332.902057 
333.285353 
333.662425 
334.015435 
334.311161 
334.488603 
334.436557 
333.951919 
332.664577 
329.857181 
323.282451 
323.228478 
323.265755 
323.305171 
323.347347 
323.392899 
323.442447 
323.496609 
323.556003 
323.621249 
323.692963 
323.771766 
323.858275 
323.953109 
324.056886 
324.170230 
324.294003 
324.429390 
324.577598 
324.739837 
324.917314 
325.111363 
325.323729 
328.986475 
329.241412 
329.506740 
329.782884 
330.070304 
330.369461 
330.680819 
331.004893 
331.342222 
331.693348 
332.058875 
332.439472 
332.835831 
333.248852 
333.679568 
334.129404 
334.600424 
335.095795 
335.620636 
336.183920 
336.800917 
337.498935 
338.326982 
339.373235 
340.797493 
342.889549 
346.220298 
352.944184 
