325.951540 
325.970078 
325.989749 
326.010671 
326.033009 
326.057010 
326.083009 
326.111486 
326.143127 
326.178906 
326.220282 
326.269516 
326.330342 
326.409452 
326.520107 
326.690371 
326.831240 
325.862170 
325.866453 
325.870441 
325.874161 
325.877643 
325.880916 
325.884007 
325.886947 
325.889763 
325.892484 
325.895139 
325.897757 
325.900367 
325.902996 
325.905675 
325.908447 
325.911372 
325.914516 
325.917942 
325.921713 
325.925897 
325.930574 
325.935828 
325.941741 
325.948397 
325.955881 
325.964280 
325.973681 
325.984169 
325.995819 
326.008695 
326.022863 
326.038376 
327.025343 
327.046468 
327.068789 
327.092297 
327.116982 
327.142836 
327.169851 
327.198029 
327.227352 
327.257746 
327.288957 
327.320279 
327.349897 
327.373163 
327.377979 
327.334924 
327.268326 
326.962736 
326.969800 
326.976449 
326.982704 
326.988590 
326.994130 
326.999347 
327.004264 
327.008906 
327.013295 
327.017455 
327.021410 
327.025182 
327.028795 
327.032273 
327.035657 
327.039009 
327.042394 
327.045876 
327.049520 
327.053398 
327.057605 
327.062241 
327.067406 
327.073202 
327.079744 
327.087164 
327.095591 
327.105157 
327.115994 
327.128235 
327.142012 
327.157442 
328.034338 
328.052292 
328.071523 
328.091929 
328.113341 
328.135478 
328.157974 
328.180327 
328.201893 
328.221857 
328.239166 
328.252454 
328.260006 
328.260158 
328.253443 
328.248678 
328.266762 
328.061428 
328.072922 
328.083911 
328.094394 
328.104371 
328.113841 
328.122805 
328.131261 
328.139210 
328.146650 
328.153580 
328.160002 
328.165913 
328.171315 
328.176205 
328.180597 
328.184522 
328.188009 
328.191090 
328.193797 
328.196169 
328.198279 
328.200204 
328.202022 
328.203814 
328.205693 
328.207805 
328.210298 
328.213322 
328.217071 
328.221761 
328.227610 
328.234850 
329.003821 
329.012205 
329.022177 
329.033856 
329.047285 
329.062379 
329.078933 
329.096556 
329.114693 
329.132663 
329.149784 
329.165625 
329.180355 
329.195116 
329.211877 
329.231763 
329.267057 
329.145234 
329.163413 
329.181088 
329.198221 
329.214778 
329.230721 
329.246017 
329.260627 
329.274518 
329.287652 
329.299995 
329.311509 
329.322160 
329.331912 
329.340728 
329.348573 
329.355413 
329.361211 
329.365933 
329.369543 
329.372013 
329.373333 
329.373498 
329.372502 
329.370344 
329.367057 
329.362712 
329.357379 
329.351135 
329.344143 
329.336608 
329.328741 
329.320835 
329.990483 
329.982190 
329.975018 
329.969559 
329.966445 
329.966367 
329.969987 
329.977887 
329.990437 
330.007703 
330.029310 
330.054435 
330.081972 
330.110844 
330.140156 
330.168878 
330.200781 
330.189786 
330.217296 
330.244436 
330.271140 
330.297339 
330.322967 
330.347957 
330.372241 
330.395752 
330.418423 
330.440187 
330.460975 
330.480722 
330.499360 
330.516821 
330.533020 
330.547847 
330.561189 
330.572936 
330.582975 
330.591190 
330.597449 
330.601614 
330.603551 
330.603123 
330.600198 
330.594645 
330.586337 
330.575147 
330.561008 
330.543880 
330.523731 
330.500633 
331.082140 
331.053885 
331.023743 
330.992402 
330.960791 
330.930226 
330.902317 
330.879110 
330.862936 
330.856246 
330.861169 
330.878728 
330.907880 
330.944981 
330.985239 
331.026237 
331.071204 
331.157798 
331.197108 
331.236327 
331.275379 
331.314188 
331.352678 
331.390772 
331.428393 
331.465467 
331.501915 
331.537663 
331.572634 
331.606752 
331.639940 
331.672121 
331.703187 
331.732983 
331.761354 
331.788143 
331.813194 
331.836332 
331.857323 
331.875919 
331.891874 
331.904936 
331.914794 
331.921080 
331.923426 
331.921455 
331.914725 
331.902752 
331.885051 
331.861125 
332.373729 
332.336923 
332.292774 
332.240987 
332.181486 
332.114559 
332.040984 
331.962356 
331.881470 
331.802667 
331.732399 
331.679305 
331.653195 
331.661205 
331.699804 
331.751216 
331.794916 
332.000198 
332.052790 
332.105668 
332.158781 
332.212077 
332.265507 
332.319018 
332.372558 
332.426078 
332.479525 
332.532848 
332.585996 
332.638918 
332.691562 
332.743877 
332.795779 
332.847142 
332.897837 
332.947736 
332.996707 
333.044601 
333.091186 
333.136219 
333.179454 
333.220642 
333.259425 
333.295355 
333.327981 
333.356830 
333.381235 
333.400416 
333.413582 
333.419726 
333.897804 
333.886825 
333.864914 
333.830197 
333.780555 
333.713470 
333.626242 
333.515948 
333.379902 
333.216218 
333.025240 
332.812234 
332.592190 
332.397529 
332.283590 
332.294616 
332.342131 
332.660912 
332.726461 
332.792690 
332.859602 
332.927201 
332.995490 
333.064471 
333.134150 
333.204529 
333.275612 
333.347402 
333.419903 
333.493118 
333.567050 
333.641704 
333.717070 
333.793126 
333.869848 
333.947211 
334.025193 
334.103755 
334.182821 
334.262305 
334.342123 
334.422183 
334.502327 
334.582330 
334.661967 
334.740994 
334.818996 
334.895458 
334.969854 
335.041407 
335.528612 
335.590140 
335.645044 
335.691236 
335.725982 
335.745509 
335.744925 
335.717513 
335.654060 
335.542080 
335.364332 
335.097524 
334.711827 
334.175288 
333.480232 
332.782391 
332.625308 
333.085013 
333.160922 
333.237831 
333.315805 
333.394911 
333.475215 
333.556782 
333.639680 
333.723975 
333.809732 
333.897019 
333.985901 
334.076444 
334.168716 
334.262782 
334.358728 
334.456668 
334.556715 
334.658983 
334.763587 
334.870651 
334.980333 
335.092797 
335.208208 
335.326731 
335.448567 
335.573944 
335.703093 
335.836248 
335.973678 
336.115673 
336.262524 
336.414527 
336.941045 
337.100702 
337.266170 
337.437600 
337.614962 
337.797923 
337.985659 
338.176478 
338.367039 
338.551311 
338.718020 
338.845857 
338.893332 
338.775170 
338.302767 
336.958635 
332.517448 
333.228593 
333.310152 
333.392885 
333.476901 
333.562307 
333.649211 
333.737721 
333.827945 
333.919991 
334.013966 
334.109978 
334.208135 
334.308544 
334.411314 
334.516554 
334.624413 
334.735100 
334.848825 
334.965801 
335.086238 
335.210378 
335.338552 
335.471114 
335.608417 
335.750818 
335.898806 
336.052979 
336.213940 
336.382317 
336.558986 
336.744967 
336.941291 
337.149303 
337.710033 
337.941266 
338.189707 
338.458185 
338.750217 
339.070424 
339.424628 
339.820609 
340.268976 
340.784304 
341.387682 
342.110692 
343.002907 
344.147274 
345.694126 
347.982527 
352.802783 
