329.318239 
329.459008 
329.597592 
329.731869 
329.859555 
329.976959 
330.079476 
330.161031 
330.213175 
330.225094 
330.182200 
330.065295 
329.849702 
329.504020 
328.990845 
328.271692 
327.324816 
326.198674 
325.186942 
325.048593 
324.975865 
325.062652 
325.152783 
325.246452 
325.343855 
325.445185 
325.550637 
325.660405 
325.774684 
325.893669 
326.017553 
326.146531 
326.280798 
326.420548 
326.565976 
326.717306 
326.874799 
327.038722 
327.209338 
327.386914 
327.571724 
327.764077 
327.964289 
328.172675 
328.389554 
328.615271 
328.850200 
329.094714 
329.349189 
329.614026 
331.183814 
331.386790 
331.593585 
331.803874 
332.017297 
332.233212 
332.450789 
332.668889 
332.885868 
333.099514 
333.306674 
333.502677 
333.680395 
333.827736 
333.921969 
333.915815 
333.701586 
333.018254 
331.127367 
325.132999 
325.330505 
325.436678 
325.546942 
325.661535 
325.780695 
325.904660 
326.033667 
326.167955 
326.307762 
326.453325 
326.604882 
326.762670 
326.926929 
327.097896 
327.275809 
327.460942 
327.653616 
327.854155 
328.062884 
328.280126 
328.506218 
328.741539 
328.986475 
329.241412 
329.506740 
329.782884 
330.070304 
330.369461 
330.680819 
331.004893 
332.130523 
332.377584 
332.635448 
332.906134 
333.191797 
333.495799 
333.822275 
334.176630 
334.566306 
335.000833 
335.493104 
336.060455 
336.726088 
337.522171 
338.494517 
339.711951 
341.287065 
343.425029 
346.596441 
352.959861 
