327.007002 
327.023357 
327.037763 
327.050030 
327.059968 
327.067378 
327.072032 
327.073696 
327.072135 
327.067116 
327.058414 
327.045810 
327.029090 
327.008045 
326.982580 
326.952660 
326.918258 
326.879550 
326.836947 
326.790911 
326.742370 
326.692546 
326.643054 
326.596135 
326.554466 
326.521355 
326.500462 
326.495546 
326.509864 
326.545311 
326.601700 
326.677227 
326.772323 
326.896664 
326.923030 
326.659854 
326.704358 
326.749337 
326.794686 
326.840300 
326.886076 
326.931908 
326.977691 
327.023321 
327.068694 
327.113704 
327.158246 
327.202217 
327.245512 
327.288024 
328.514197 
328.545876 
328.575644 
328.603292 
328.628611 
328.651374 
328.671297 
328.688087 
328.701449 
328.711085 
328.716652 
328.717769 
328.714049 
328.705108 
328.690532 
328.669895 
328.642770 
328.608761 
328.567507 
328.518662 
328.462051 
328.397607 
328.325520 
328.246396 
328.161361 
328.072417 
327.982840 
327.897562 
327.823791 
327.771038 
327.749697 
327.765738 
327.809037 
327.845734 
327.915892 
327.895034 
327.956935 
328.019539 
328.082757 
328.146501 
328.210680 
328.275207 
328.339991 
328.404944 
328.469978 
328.535002 
328.599928 
328.664667 
328.729130 
328.793226 
329.903223 
329.959023 
330.013890 
330.067673 
330.120223 
330.171368 
330.220868 
330.268465 
330.313904 
330.356922 
330.397157 
330.434157 
330.467467 
330.496611 
330.520910 
330.539564 
330.551768 
330.556464 
330.552308 
330.537901 
330.511385 
330.470609 
330.413092 
330.335827 
330.235537 
330.108600 
329.951586 
329.761903 
329.539459 
329.289781 
329.029641 
328.796305 
328.655046 
328.661686 
328.711789 
328.865406 
328.942943 
329.021428 
329.100841 
329.181160 
329.262367 
329.344440 
329.427360 
329.511105 
329.595656 
329.680992 
329.767094 
329.853940 
329.941511 
330.029785 
331.070961 
331.155278 
331.240313 
331.326048 
331.412468 
331.499544 
331.587211 
331.675398 
331.764031 
331.853034 
331.942254 
332.031472 
332.120464 
332.208989 
332.296600 
332.382736 
332.466821 
332.547976 
332.624970 
332.696488 
332.760494 
332.814480 
332.855170 
332.878035 
332.877224 
332.844731 
332.769624 
332.637157 
332.427064 
332.112111 
331.657625 
331.026807 
330.211560 
329.394836 
329.321123 
329.505397 
329.594943 
329.685649 
329.777580 
329.870801 
329.965380 
330.061381 
330.158872 
330.257918 
330.358585 
330.460939 
330.565046 
330.670972 
330.778784 
330.888548 
331.893473 
332.003340 
332.115655 
332.230561 
332.348198 
332.468720 
332.592318 
332.719192 
332.849539 
332.983562 
333.121495 
333.263604 
333.410155 
333.561418 
333.717693 
333.879299 
334.046553 
334.219771 
334.399265 
334.585336 
334.778188 
334.977953 
335.184553 
335.397560 
335.615974 
335.837799 
336.059129 
336.272941 
336.466120 
336.613846 
336.667684 
336.527857 
335.973393 
334.397848 
329.405526 
329.765129 
329.861105 
329.958361 
330.057021 
330.157210 
330.259052 
330.362673 
330.468196 
330.575746 
330.685447 
330.797424 
330.911802 
331.028705 
331.148257 
331.270585 
332.258966 
332.383769 
332.512122 
332.644272 
332.780470 
332.920995 
333.066230 
333.216576 
333.372436 
333.534219 
333.702473 
333.877870 
334.061085 
334.252820 
334.454057 
334.665937 
334.889613 
335.126599 
335.378820 
335.648292 
335.937815 
336.250692 
336.591037 
336.964274 
337.377236 
337.839063 
338.362212 
338.963783 
339.668492 
340.513317 
341.556262 
342.894387 
344.703659 
347.381188 
352.716841 
