325.858609 
325.877320 
325.897188 
325.918397 
325.941186 
325.965884 
325.992914 
326.022857 
326.056517 
326.095023 
326.140049 
326.194187 
326.261702 
326.350234 
326.474901 
326.667888 
326.837823 
325.695785 
325.699821 
325.703759 
325.707626 
325.711453 
325.715268 
325.719099 
325.722977 
325.726929 
325.730985 
325.735173 
325.739523 
325.744063 
325.748823 
325.753830 
325.759122 
325.764741 
325.770731 
325.777137 
325.784004 
325.791374 
325.799292 
325.807802 
325.816947 
325.826771 
325.837312 
325.848606 
325.860689 
325.873595 
325.887354 
325.901996 
325.917548 
325.934047 
326.893089 
326.914611 
326.937079 
326.960538 
326.985045 
327.010675 
327.037511 
327.065641 
327.095122 
327.125925 
327.157799 
327.189959 
327.220351 
327.243696 
327.246239 
327.194201 
327.127342 
326.729340 
326.735318 
326.741100 
326.746717 
326.752200 
326.757580 
326.762888 
326.768154 
326.773409 
326.778685 
326.784012 
326.789422 
326.794944 
326.800611 
326.806453 
326.812511 
326.818840 
326.825496 
326.832534 
326.840010 
326.847982 
326.856513 
326.865669 
326.875515 
326.886118 
326.897541 
326.909847 
326.923101 
326.937364 
326.952685 
326.969109 
326.986676 
327.005417 
327.858435 
327.878421 
327.898978 
327.919954 
327.941159 
327.962341 
327.983185 
328.003285 
328.022096 
328.038883 
328.052611 
328.061826 
328.064621 
328.059100 
328.045835 
328.034923 
328.031210 
327.765232 
327.773869 
327.782172 
327.790158 
327.797849 
327.805263 
327.812420 
327.819339 
327.826039 
327.832540 
327.838861 
327.845022 
327.851043 
327.856941 
327.862738 
327.868465 
327.874173 
327.879913 
327.885736 
327.891692 
327.897839 
327.904254 
327.911016 
327.918205 
327.925903 
327.934202 
327.943207 
327.953022 
327.963750 
327.975489 
327.988338 
328.002390 
328.017712 
328.769857 
328.785119 
328.801147 
328.817785 
328.834818 
328.851932 
328.868757 
328.884844 
328.899724 
328.912950 
328.924209 
328.933494 
328.941374 
328.949348 
328.959746 
328.973898 
328.966870 
328.798918 
328.811594 
328.823811 
328.835564 
328.846847 
328.857652 
328.867975 
328.877809 
328.887148 
328.895985 
328.904315 
328.912131 
328.919427 
328.926197 
328.932435 
328.938145 
328.943346 
328.948057 
328.952298 
328.956088 
328.959456 
328.962458 
328.965157 
328.967614 
328.969895 
328.972097 
328.974342 
328.976758 
328.979474 
328.982656 
328.986491 
328.991165 
328.996874 
329.659799 
329.666223 
329.674086 
329.683546 
329.694709 
329.707596 
329.722150 
329.738194 
329.755460 
329.773629 
329.792416 
329.811688 
329.831508 
329.851965 
329.872755 
329.892833 
329.939192 
329.818709 
329.837536 
329.855873 
329.873678 
329.890912 
329.907534 
329.923505 
329.938785 
329.953334 
329.967112 
329.980079 
329.992195 
330.003419 
330.013713 
330.023035 
330.031347 
330.038606 
330.044771 
330.049802 
330.053658 
330.056303 
330.057722 
330.057904 
330.056837 
330.054511 
330.050956 
330.046232 
330.040404 
330.033542 
330.025798 
330.017373 
330.008470 
329.999377 
330.582011 
330.573331 
330.565866 
330.560250 
330.557161 
330.557352 
330.561538 
330.570361 
330.584221 
330.603167 
330.626716 
330.653802 
330.682958 
330.712797 
330.742572 
330.772490 
330.814814 
330.802333 
330.829919 
330.857125 
330.883885 
330.910128 
330.935787 
330.960792 
330.985076 
331.008570 
331.031205 
331.052912 
331.073624 
331.093271 
331.111785 
331.129097 
331.145121 
331.159748 
331.172865 
331.184363 
331.194130 
331.202051 
331.207995 
331.211831 
331.213426 
331.212648 
331.209369 
331.203467 
331.194821 
331.183315 
331.168891 
331.151524 
331.131194 
331.107993 
331.617080 
331.589689 
331.560587 
331.530463 
331.500237 
331.471200 
331.444917 
331.423357 
331.408744 
331.403395 
331.409296 
331.427365 
331.456553 
331.493337 
331.533031 
331.572617 
331.570349 
331.714849 
331.753691 
331.792419 
331.830959 
331.869236 
331.907174 
331.944697 
331.981731 
332.018201 
332.054030 
332.089144 
332.123467 
332.156923 
332.189439 
332.220936 
332.251310 
332.280411 
332.308088 
332.334189 
332.358562 
332.381040 
332.401396 
332.419393 
332.434793 
332.447357 
332.456784 
332.462725 
332.464827 
332.462733 
332.456019 
332.444228 
332.426899 
332.403562 
332.853757 
332.818242 
332.775600 
332.725533 
332.667956 
332.603130 
332.531792 
332.455473 
332.376882 
332.300242 
332.231863 
332.180210 
332.154911 
332.162987 
332.201072 
332.252337 
332.347459 
332.509437 
332.561080 
332.612981 
332.665091 
332.717362 
332.769742 
332.822183 
332.874635 
332.927048 
332.979372 
333.031559 
333.083558 
333.135320 
333.186795 
333.237933 
333.288654 
333.338836 
333.388357 
333.437093 
333.484919 
333.531689 
333.577184 
333.621169 
333.663408 
333.703661 
333.741585 
333.776748 
333.808713 
333.837027 
333.861043 
333.880004 
333.893145 
333.899486 
334.322238 
334.311937 
334.290938 
334.257399 
334.209235 
334.143971 
334.058954 
333.951317 
333.818428 
333.658443 
333.471705 
333.263376 
333.048133 
332.857701 
332.746184 
332.756446 
332.859403 
333.131991 
333.196199 
333.261058 
333.326573 
333.392746 
333.459584 
333.527089 
333.595267 
333.664122 
333.733657 
333.803878 
333.874788 
333.946392 
334.018693 
334.091697 
334.165397 
334.239772 
334.314800 
334.390460 
334.466730 
334.543576 
334.620926 
334.698697 
334.776809 
334.855176 
334.933644 
335.011996 
335.090013 
335.167460 
335.243931 
335.318923 
335.391922 
335.462167 
335.899355 
335.959905 
336.013960 
336.059471 
336.093758 
336.113129 
336.112792 
336.086177 
336.024266 
335.914841 
335.741028 
335.480032 
335.102652 
334.577618 
333.897458 
333.214897 
333.012757 
333.529161 
333.603451 
333.678710 
333.755006 
333.832404 
333.910969 
333.990766 
334.071862 
334.154322 
334.238212 
334.323596 
334.410541 
334.499112 
334.589375 
334.681396 
334.775258 
334.871074 
334.968956 
335.069015 
335.171364 
335.276125 
335.383453 
335.493508 
335.606451 
335.722445 
335.841683 
335.964389 
336.090787 
336.221104 
336.355602 
336.494560 
336.638262 
336.786993 
337.267243 
337.423772 
337.585980 
337.754016 
337.927848 
338.107154 
338.291129 
338.478117 
338.664851 
338.845427 
339.008814 
339.134153 
339.180836 
339.065391 
338.603190 
337.287545 
333.265247 
333.658143 
333.737937 
333.818879 
333.901072 
333.984624 
334.069641 
334.156229 
334.244492 
334.334538 
334.426473 
334.520402 
334.616431 
334.714666 
334.815213 
334.918179 
335.023712 
335.132014 
335.243291 
335.357750 
335.475599 
335.597070 
335.722489 
335.852198 
335.986542 
336.125870 
336.270655 
336.421482 
336.578935 
336.743628 
336.916413 
337.098283 
337.290243 
337.493606 
338.010092 
338.236655 
338.480057 
338.743070 
339.029136 
339.342782 
339.689706 
340.077526 
340.516627 
341.021277 
341.612120 
342.320070 
343.193653 
344.314061 
345.828449 
348.068745 
352.460452 
