326.836947 
326.790911 
326.742370 
326.692546 
326.643054 
326.596135 
326.554466 
326.521355 
326.500462 
326.495546 
326.509864 
326.545311 
326.601700 
326.677227 
326.772323 
326.896664 
326.923030 
326.659854 
326.704358 
326.749337 
326.794686 
326.840300 
326.886076 
326.931908 
326.977691 
327.023321 
327.068694 
327.113704 
327.158246 
327.202217 
327.245512 
327.288024 
327.329588 
327.369959 
327.408886 
327.446117 
327.481402 
327.514452 
327.544866 
327.572215 
327.596072 
327.616003 
327.631456 
327.641770 
327.646285 
327.644323 
327.635087 
327.617704 
327.591301 
327.554995 
328.567507 
328.518662 
328.462051 
328.397607 
328.325520 
328.246396 
328.161361 
328.072417 
327.982840 
327.897562 
327.823791 
327.771038 
327.749697 
327.765738 
327.809037 
327.845734 
327.915892 
327.895034 
327.956935 
328.019539 
328.082757 
328.146501 
328.210680 
328.275207 
328.339991 
328.404944 
328.469978 
328.535002 
328.599928 
328.664667 
328.729130 
328.793226 
328.856813 
328.919675 
328.981592 
329.042344 
329.101710 
329.159437 
329.215160 
329.268493 
329.319050 
329.366437 
329.410133 
329.449503 
329.483907 
329.512688 
329.534986 
329.549829 
329.556237 
329.553037 
330.552308 
330.537901 
330.511385 
330.470609 
330.413092 
330.335827 
330.235537 
330.108600 
329.951586 
329.761903 
329.539459 
329.289781 
329.029641 
328.796305 
328.655046 
328.661686 
328.711789 
328.865406 
328.942943 
329.021428 
329.100841 
329.181160 
329.262367 
329.344440 
329.427360 
329.511105 
329.595656 
329.680992 
329.767094 
329.853940 
329.941511 
330.029785 
330.118724 
330.208264 
330.298340 
330.388886 
330.479836 
330.571113 
330.662592 
330.754143 
330.845634 
330.936929 
331.027826 
331.118065 
331.207381 
331.295494 
331.381965 
331.466259 
331.547831 
331.625877 
332.624970 
332.696488 
332.760494 
332.814480 
332.855170 
332.878035 
332.877224 
332.844731 
332.769624 
332.637157 
332.427064 
332.112111 
331.657625 
331.026807 
330.211560 
329.394836 
329.321123 
329.505397 
329.594943 
329.685649 
329.777580 
329.870801 
329.965380 
330.061381 
330.158872 
330.257918 
330.358585 
330.460939 
330.565046 
330.670972 
330.778784 
330.888548 
331.000358 
331.114345 
331.230642 
331.349385 
331.470707 
331.594757 
331.721740 
331.851869 
331.985359 
332.122427 
332.263345 
332.408433 
332.558014 
332.712415 
332.872023 
333.037257 
333.208538 
333.386293 
334.399265 
334.585336 
334.778188 
334.977953 
335.184553 
335.397560 
335.615974 
335.837799 
336.059129 
336.272941 
336.466120 
336.613846 
336.667684 
336.527857 
335.973393 
334.397848 
329.405526 
329.765129 
329.861105 
329.958361 
330.057021 
330.157210 
330.259052 
330.362673 
330.468196 
330.575746 
330.685447 
330.797424 
330.911802 
331.028705 
331.148257 
331.270585 
331.395872 
331.524385 
331.656393 
331.792168 
331.931980 
332.076137 
332.225075 
332.379252 
332.539128 
332.705172 
332.878010 
333.058406 
333.247130 
333.444981 
333.653044 
333.872571 
334.104827 
334.351435 
335.378820 
335.648292 
335.937815 
336.250692 
336.591037 
336.964274 
337.377236 
337.839063 
338.362212 
338.963783 
339.668492 
340.513317 
341.556262 
342.894387 
344.703659 
347.381188 
352.716841 
