326.426581 
326.498881 
326.598570 
326.749982 
326.893488 
326.055479 
326.061597 
326.067223 
326.072371 
326.077054 
326.081285 
326.085077 
326.088444 
326.091398 
326.093953 
326.096122 
326.097919 
326.099356 
326.100447 
326.101205 
326.101664 
326.101886 
326.101935 
326.101874 
326.101767 
326.101689 
326.101751 
326.102071 
326.102767 
326.103959 
326.105795 
326.108447 
326.112086 
326.116886 
326.123032 
326.130715 
326.140124 
326.151433 
326.164798 
326.180368 
326.198249 
326.218518 
326.241232 
326.266419 
326.294130 
326.324461 
326.357657 
326.394197 
326.434979 
326.481585 
327.507038 
327.532685 
327.542006 
327.509513 
327.469531 
327.226221 
327.236698 
327.246574 
327.255850 
327.264523 
327.272593 
327.280058 
327.286917 
327.293169 
327.298812 
327.303847 
327.308271 
327.312083 
327.315282 
327.317867 
327.319857 
327.321292 
327.322216 
327.322673 
327.322706 
327.322372 
327.321767 
327.320996 
327.320163 
327.319377 
327.318785 
327.318574 
327.318932 
327.320052 
327.322173 
327.325565 
327.330497 
327.337256 
327.346155 
327.357502 
327.371585 
327.388675 
327.408983 
327.432631 
327.459636 
327.489848 
327.522941 
327.558387 
327.595426 
327.632978 
328.470732 
328.479182 
328.481630 
328.485747 
328.512227 
328.379333 
328.396741 
328.413572 
328.429792 
328.445369 
328.460272 
328.474468 
328.487927 
328.500614 
328.512500 
328.523551 
328.533736 
328.543023 
328.551380 
328.558775 
328.565180 
328.570573 
328.574931 
328.578234 
328.580458 
328.581589 
328.581637 
328.580616 
328.578539 
328.575423 
328.571326 
328.566342 
328.560565 
328.554100 
328.547134 
328.539906 
328.532656 
328.525712 
328.519504 
328.514476 
328.511178 
328.510230 
328.512268 
328.517953 
328.527853 
328.542356 
328.561476 
328.584693 
328.610707 
328.637358 
329.409551 
329.433916 
329.460143 
329.489046 
329.533123 
329.489882 
329.517103 
329.543919 
329.570268 
329.596085 
329.621307 
329.645872 
329.669716 
329.692776 
329.714988 
329.736289 
329.756616 
329.775906 
329.794096 
329.811121 
329.826901 
329.841333 
329.854313 
329.865734 
329.875491 
329.883476 
329.889560 
329.893613 
329.895504 
329.895104 
329.892282 
329.886914 
329.878871 
329.868031 
329.854328 
329.837721 
329.818176 
329.795765 
329.770679 
329.743141 
329.713624 
329.682768 
329.651441 
329.620881 
329.592604 
329.568538 
329.550887 
329.541974 
329.543847 
329.557592 
330.286879 
330.323490 
330.363755 
330.404141 
330.452322 
330.518770 
330.558393 
330.597926 
330.637294 
330.676424 
330.715241 
330.753670 
330.791638 
330.829071 
330.865893 
330.902032 
330.937411 
330.971958 
331.005599 
331.038257 
331.069825 
331.100149 
331.129072 
331.156438 
331.182090 
331.205852 
331.227483 
331.246729 
331.263338 
331.277053 
331.287550 
331.294447 
331.297360 
331.295897 
331.289592 
331.277936 
331.260418 
331.236505 
331.205642 
331.167280 
331.120979 
331.066367 
331.003305 
330.932038 
330.853337 
330.768855 
330.681556 
330.596093 
330.519437 
330.460954 
331.083520 
331.091296 
331.130562 
331.183651 
331.253306 
331.414462 
331.467979 
331.521807 
331.575895 
331.630193 
331.684649 
331.739213 
331.793833 
331.848460 
331.903040 
331.957525 
332.011863 
332.066002 
332.119892 
332.173482 
332.226686 
332.279375 
332.331415 
332.382675 
332.433020 
332.482293 
332.530255 
332.576651 
332.621225 
332.663717 
332.703753 
332.740866 
332.774583 
332.804410 
332.829650 
332.849489 
332.863101 
332.869437 
332.867189 
332.855002 
332.831139 
332.793623 
332.740221 
332.668300 
332.575047 
332.457437 
332.312711 
332.138967 
331.936653 
331.711370 
332.074059 
331.874417 
331.757430 
331.767972 
331.851486 
332.118324 
332.185333 
332.253059 
332.321506 
332.390677 
332.460575 
332.531204 
332.602568 
332.674669 
332.747512 
332.821100 
332.895436 
332.970523 
333.046366 
333.122967 
333.200317 
333.278391 
333.357162 
333.436602 
333.516686 
333.597372 
333.678579 
333.760214 
333.842186 
333.924398 
334.006682 
334.088802 
334.170520 
334.251582 
334.331555 
334.409903 
334.486082 
334.559288 
334.628421 
334.692310 
334.749166 
334.796804 
334.832363 
334.851897 
334.850280 
334.820471 
334.752793 
334.634117 
334.446292 
334.164784 
334.268192 
333.718384 
333.006264 
332.291704 
332.222313 
332.573199 
332.650959 
332.729761 
332.809670 
332.890755 
332.973082 
333.056719 
333.141731 
333.228187 
333.316152 
333.405695 
333.496882 
333.589780 
333.684456 
333.780977 
333.879431 
333.979931 
334.082592 
334.187529 
334.294858 
334.404705 
334.517229 
334.632598 
334.750977 
334.872537 
334.997481 
335.126042 
335.258457 
335.394963 
335.535839 
335.681383 
335.831895 
335.987680 
336.149053 
336.316322 
336.489709 
336.669386 
336.855328 
337.047194 
337.244123 
337.444336 
337.644314 
337.837701 
338.012618 
338.146623 
338.568540 
338.447249 
337.963032 
336.585561 
332.396095 
332.733566 
332.817178 
332.902008 
332.988165 
333.075758 
333.164897 
333.255691 
333.348249 
333.442680 
333.539095 
333.637602 
333.738310 
333.841329 
333.946768 
334.054738 
334.165391 
334.278940 
334.395599 
334.515585 
334.639113 
334.766429 
334.897874 
335.033811 
335.174600 
335.320611 
335.472345 
335.630417 
335.795450 
335.968089 
336.149239 
336.339949 
336.541283 
336.754628 
336.981739 
337.224453 
337.485304 
337.767273 
338.074061 
338.410535 
338.782819 
339.199100 
339.670540 
340.212479 
340.847115 
341.607694 
342.789542 
343.961552 
345.545867 
347.889896 
352.268148 
