325.870441 
325.874161 
325.877643 
325.880916 
325.884007 
325.886947 
325.889763 
325.892484 
325.895139 
325.897757 
325.900367 
325.902996 
325.905675 
325.908447 
325.911372 
325.914516 
325.917942 
325.921713 
325.925897 
325.930574 
325.935828 
325.941741 
325.948397 
325.955881 
325.964280 
325.973681 
325.984169 
325.995819 
326.008695 
326.022863 
326.038376 
326.055273 
326.073591 
326.093373 
326.114662 
326.137532 
326.162106 
326.188586 
326.217297 
326.248763 
326.283774 
326.323564 
326.370086 
326.426581 
326.498881 
326.598570 
326.749982 
326.893488 
326.055479 
326.061597 
326.976449 
326.982704 
326.988590 
326.994130 
326.999347 
327.004264 
327.008906 
327.013295 
327.017455 
327.021410 
327.025182 
327.028795 
327.032273 
327.035657 
327.039009 
327.042394 
327.045876 
327.049520 
327.053398 
327.057605 
327.062241 
327.067406 
327.073202 
327.079744 
327.087164 
327.095591 
327.105157 
327.115994 
327.128235 
327.142012 
327.157442 
327.174620 
327.193636 
327.214536 
327.237336 
327.262017 
327.288505 
327.316694 
327.346433 
327.377531 
327.409744 
327.442699 
327.475678 
327.507038 
327.532685 
327.542006 
327.509513 
327.469531 
327.226221 
327.236698 
328.083911 
328.094394 
328.104371 
328.113841 
328.122805 
328.131261 
328.139210 
328.146650 
328.153580 
328.160002 
328.165913 
328.171315 
328.176205 
328.180597 
328.184522 
328.188009 
328.191090 
328.193797 
328.196169 
328.198279 
328.200204 
328.202022 
328.203814 
328.205693 
328.207805 
328.210298 
328.213322 
328.217071 
328.221761 
328.227610 
328.234850 
328.243724 
328.254476 
328.267304 
328.282377 
328.299780 
328.319461 
328.341221 
328.364620 
328.388948 
328.413195 
328.436026 
328.455813 
328.470732 
328.479182 
328.481630 
328.485747 
328.512227 
328.379333 
328.396741 
329.181088 
329.198221 
329.214778 
329.230721 
329.246017 
329.260627 
329.274518 
329.287652 
329.299995 
329.311509 
329.322160 
329.331912 
329.340728 
329.348573 
329.355413 
329.361211 
329.365933 
329.369543 
329.372013 
329.373333 
329.373498 
329.372502 
329.370344 
329.367057 
329.362712 
329.357379 
329.351135 
329.344143 
329.336608 
329.328741 
329.320835 
329.313280 
329.306478 
329.300934 
329.297217 
329.295915 
329.297645 
329.302956 
329.312261 
329.325691 
329.343006 
329.363480 
329.386008 
329.409551 
329.433916 
329.460143 
329.489046 
329.533123 
329.489882 
329.517103 
330.244436 
330.271140 
330.297339 
330.322967 
330.347957 
330.372241 
330.395752 
330.418423 
330.440187 
330.460975 
330.480722 
330.499360 
330.516821 
330.533020 
330.547847 
330.561189 
330.572936 
330.582975 
330.591190 
330.597449 
330.601614 
330.603551 
330.603123 
330.600198 
330.594645 
330.586337 
330.575147 
330.561008 
330.543880 
330.523731 
330.500633 
330.474784 
330.446410 
330.416000 
330.384209 
330.351933 
330.320458 
330.291365 
330.266690 
330.248785 
330.240172 
330.243133 
330.258946 
330.286879 
330.323490 
330.363755 
330.404141 
330.452322 
330.518770 
330.558393 
331.236327 
331.275379 
331.314188 
331.352678 
331.390772 
331.428393 
331.465467 
331.501915 
331.537663 
331.572634 
331.606752 
331.639940 
331.672121 
331.703187 
331.732983 
331.761354 
331.788143 
331.813194 
331.836332 
331.857323 
331.875919 
331.891874 
331.904936 
331.914794 
331.921080 
331.923426 
331.921455 
331.914725 
331.902752 
331.885051 
331.861125 
331.830457 
331.792540 
331.746980 
331.693458 
331.631886 
331.562558 
331.486280 
331.404715 
331.320777 
331.238986 
331.166038 
331.110858 
331.083520 
331.091296 
331.130562 
331.183651 
331.253306 
331.414462 
331.467979 
332.105668 
332.158781 
332.212077 
332.265507 
332.319018 
332.372558 
332.426078 
332.479525 
332.532848 
332.585996 
332.638918 
332.691562 
332.743877 
332.795779 
332.847142 
332.897837 
332.947736 
332.996707 
333.044601 
333.091186 
333.136219 
333.179454 
333.220642 
333.259425 
333.295355 
333.327981 
333.356830 
333.381235 
333.400416 
333.413582 
333.419726 
333.417592 
333.405876 
333.382904 
333.346765 
333.295297 
333.225941 
333.135951 
333.022360 
332.882442 
332.714286 
332.518254 
332.299733 
332.074059 
331.874417 
331.757430 
331.767972 
331.851486 
332.118324 
332.185333 
332.792690 
332.859602 
332.927201 
332.995490 
333.064471 
333.134150 
333.204529 
333.275612 
333.347402 
333.419903 
333.493118 
333.567050 
333.641704 
333.717070 
333.793126 
333.869848 
333.947211 
334.025193 
334.103755 
334.182821 
334.262305 
334.342123 
334.422183 
334.502327 
334.582330 
334.661967 
334.740994 
334.818996 
334.895458 
334.969854 
335.041407 
335.109048 
335.171641 
335.227441 
335.274319 
335.309482 
335.329076 
335.328097 
335.299671 
335.234359 
335.119373 
334.937043 
334.663503 
334.268192 
333.718384 
333.006264 
332.291704 
332.222313 
332.573199 
332.650959 
333.237831 
333.315805 
333.394911 
333.475215 
333.556782 
333.639680 
333.723975 
333.809732 
333.897019 
333.985901 
334.076444 
334.168716 
334.262782 
334.358728 
334.456668 
334.556715 
334.658983 
334.763587 
334.870651 
334.980333 
335.092797 
335.208208 
335.326731 
335.448567 
335.573944 
335.703093 
335.836248 
335.973678 
336.115673 
336.262524 
336.414527 
336.571984 
336.735191 
336.904359 
337.079649 
337.261028 
337.448160 
337.640199 
337.835410 
338.030368 
338.218891 
338.389427 
338.520146 
338.568540 
338.447249 
337.963032 
336.585561 
332.396095 
332.733566 
332.817178 
333.392885 
333.476901 
333.562307 
333.649211 
333.737721 
333.827945 
333.919991 
334.013966 
334.109978 
334.208135 
334.308544 
334.411314 
334.516554 
334.624413 
334.735100 
334.848825 
334.965801 
335.086238 
335.210378 
335.338552 
335.471114 
335.608417 
335.750818 
335.898806 
336.052979 
336.213940 
336.382317 
336.558986 
336.744967 
336.941291 
337.149303 
337.370708 
337.607289 
337.861509 
338.136265 
338.435157 
338.762919 
339.125511 
339.530902 
339.989956 
340.517603 
341.135444 
341.875830 
342.789542 
343.961552 
345.545867 
347.889896 
352.268148 
