325.730985 
325.735173 
325.739523 
325.744063 
325.748823 
325.753830 
325.759122 
325.764741 
325.770731 
325.777137 
325.784004 
325.791374 
325.799292 
325.807802 
325.816947 
325.826771 
325.837312 
325.848606 
325.860689 
325.873595 
325.887354 
325.901996 
325.917548 
325.934047 
325.951540 
325.970078 
325.989749 
326.010671 
326.033009 
326.057010 
326.083009 
326.111486 
326.143127 
326.178906 
326.220282 
326.269516 
326.330342 
326.409452 
326.520107 
326.690371 
326.831240 
325.862170 
325.866453 
325.870441 
325.874161 
325.877643 
325.880916 
325.884007 
325.886947 
325.889763 
326.778685 
326.784012 
326.789422 
326.794944 
326.800611 
326.806453 
326.812511 
326.818840 
326.825496 
326.832534 
326.840010 
326.847982 
326.856513 
326.865669 
326.875515 
326.886118 
326.897541 
326.909847 
326.923101 
326.937364 
326.952685 
326.969109 
326.986676 
327.005417 
327.025343 
327.046468 
327.068789 
327.092297 
327.116982 
327.142836 
327.169851 
327.198029 
327.227352 
327.257746 
327.288957 
327.320279 
327.349897 
327.373163 
327.377979 
327.334924 
327.268326 
326.962736 
326.969800 
326.976449 
326.982704 
326.988590 
326.994130 
326.999347 
327.004264 
327.008906 
327.832540 
327.838861 
327.845022 
327.851043 
327.856941 
327.862738 
327.868465 
327.874173 
327.879913 
327.885736 
327.891692 
327.897839 
327.904254 
327.911016 
327.918205 
327.925903 
327.934202 
327.943207 
327.953022 
327.963750 
327.975489 
327.988338 
328.002390 
328.017712 
328.034338 
328.052292 
328.071523 
328.091929 
328.113341 
328.135478 
328.157974 
328.180327 
328.201893 
328.221857 
328.239166 
328.252454 
328.260006 
328.260158 
328.253443 
328.248678 
328.266762 
328.061428 
328.072922 
328.083911 
328.094394 
328.104371 
328.113841 
328.122805 
328.131261 
328.139210 
328.895985 
328.904315 
328.912131 
328.919427 
328.926197 
328.932435 
328.938145 
328.943346 
328.948057 
328.952298 
328.956088 
328.959456 
328.962458 
328.965157 
328.967614 
328.969895 
328.972097 
328.974342 
328.976758 
328.979474 
328.982656 
328.986491 
328.991165 
328.996874 
329.003821 
329.012205 
329.022177 
329.033856 
329.047285 
329.062379 
329.078933 
329.096556 
329.114693 
329.132663 
329.149784 
329.165625 
329.180355 
329.195116 
329.211877 
329.231763 
329.267057 
329.145234 
329.163413 
329.181088 
329.198221 
329.214778 
329.230721 
329.246017 
329.260627 
329.274518 
329.967112 
329.980079 
329.992195 
330.003419 
330.013713 
330.023035 
330.031347 
330.038606 
330.044771 
330.049802 
330.053658 
330.056303 
330.057722 
330.057904 
330.056837 
330.054511 
330.050956 
330.046232 
330.040404 
330.033542 
330.025798 
330.017373 
330.008470 
329.999377 
329.990483 
329.982190 
329.975018 
329.969559 
329.966445 
329.966367 
329.969987 
329.977887 
329.990437 
330.007703 
330.029310 
330.054435 
330.081972 
330.110844 
330.140156 
330.168878 
330.200781 
330.189786 
330.217296 
330.244436 
330.271140 
330.297339 
330.322967 
330.347957 
330.372241 
330.395752 
331.031205 
331.052912 
331.073624 
331.093271 
331.111785 
331.129097 
331.145121 
331.159748 
331.172865 
331.184363 
331.194130 
331.202051 
331.207995 
331.211831 
331.213426 
331.212648 
331.209369 
331.203467 
331.194821 
331.183315 
331.168891 
331.151524 
331.131194 
331.107993 
331.082140 
331.053885 
331.023743 
330.992402 
330.960791 
330.930226 
330.902317 
330.879110 
330.862936 
330.856246 
330.861169 
330.878728 
330.907880 
330.944981 
330.985239 
331.026237 
331.071204 
331.157798 
331.197108 
331.236327 
331.275379 
331.314188 
331.352678 
331.390772 
331.428393 
331.465467 
332.054030 
332.089144 
332.123467 
332.156923 
332.189439 
332.220936 
332.251310 
332.280411 
332.308088 
332.334189 
332.358562 
332.381040 
332.401396 
332.419393 
332.434793 
332.447357 
332.456784 
332.462725 
332.464827 
332.462733 
332.456019 
332.444228 
332.426899 
332.403562 
332.373729 
332.336923 
332.292774 
332.240987 
332.181486 
332.114559 
332.040984 
331.962356 
331.881470 
331.802667 
331.732399 
331.679305 
331.653195 
331.661205 
331.699804 
331.751216 
331.794916 
332.000198 
332.052790 
332.105668 
332.158781 
332.212077 
332.265507 
332.319018 
332.372558 
332.426078 
332.979372 
333.031559 
333.083558 
333.135320 
333.186795 
333.237933 
333.288654 
333.338836 
333.388357 
333.437093 
333.484919 
333.531689 
333.577184 
333.621169 
333.663408 
333.703661 
333.741585 
333.776748 
333.808713 
333.837027 
333.861043 
333.880004 
333.893145 
333.899486 
333.897804 
333.886825 
333.864914 
333.830197 
333.780555 
333.713470 
333.626242 
333.515948 
333.379902 
333.216218 
333.025240 
332.812234 
332.592190 
332.397529 
332.283590 
332.294616 
332.342131 
332.660912 
332.726461 
332.792690 
332.859602 
332.927201 
332.995490 
333.064471 
333.134150 
333.204529 
333.733657 
333.803878 
333.874788 
333.946392 
334.018693 
334.091697 
334.165397 
334.239772 
334.314800 
334.390460 
334.466730 
334.543576 
334.620926 
334.698697 
334.776809 
334.855176 
334.933644 
335.011996 
335.090013 
335.167460 
335.243931 
335.318923 
335.391922 
335.462167 
335.528612 
335.590140 
335.645044 
335.691236 
335.725982 
335.745509 
335.744925 
335.717513 
335.654060 
335.542080 
335.364332 
335.097524 
334.711827 
334.175288 
333.480232 
332.782391 
332.625308 
333.085013 
333.160922 
333.237831 
333.315805 
333.394911 
333.475215 
333.556782 
333.639680 
333.723975 
334.238212 
334.323596 
334.410541 
334.499112 
334.589375 
334.681396 
334.775258 
334.871074 
334.968956 
335.069015 
335.171364 
335.276125 
335.383453 
335.493508 
335.606451 
335.722445 
335.841683 
335.964389 
336.090787 
336.221104 
336.355602 
336.494560 
336.638262 
336.786993 
336.941045 
337.100702 
337.266170 
337.437600 
337.614962 
337.797923 
337.985659 
338.176478 
338.367039 
338.551311 
338.718020 
338.845857 
338.893332 
338.775170 
338.302767 
336.958635 
332.517448 
333.228593 
333.310152 
333.392885 
333.476901 
333.562307 
333.649211 
333.737721 
333.827945 
333.919991 
334.426473 
334.520402 
334.616431 
334.714666 
334.815213 
334.918179 
335.023712 
335.132014 
335.243291 
335.357750 
335.475599 
335.597070 
335.722489 
335.852198 
335.986542 
336.125870 
336.270655 
336.421482 
336.578935 
336.743628 
336.916413 
337.098283 
337.290243 
337.493606 
337.710033 
337.941266 
338.189707 
338.458185 
338.750217 
339.070424 
339.424628 
339.820609 
340.268976 
340.784304 
341.387682 
342.110692 
343.002907 
344.147274 
345.694126 
347.982527 
352.802783 
