326.931908 
326.977691 
327.023321 
327.068694 
327.113704 
327.158246 
327.202217 
327.245512 
327.288024 
327.329588 
327.369959 
327.408886 
327.446117 
327.481402 
327.514452 
327.544866 
327.572215 
327.596072 
327.616003 
327.631456 
327.641770 
327.646285 
327.644323 
327.635087 
327.617704 
327.591301 
327.554995 
327.507888 
327.449107 
327.378034 
327.294225 
327.197703 
327.089250 
326.970599 
326.845038 
326.717954 
326.597269 
326.494053 
326.422121 
326.396036 
326.425924 
326.509664 
326.634141 
326.696662 
326.496539 
326.557128 
326.618824 
326.681593 
326.745401 
326.810212 
328.275207 
328.339991 
328.404944 
328.469978 
328.535002 
328.599928 
328.664667 
328.729130 
328.793226 
328.856813 
328.919675 
328.981592 
329.042344 
329.101710 
329.159437 
329.215160 
329.268493 
329.319050 
329.366437 
329.410133 
329.449503 
329.483907 
329.512688 
329.534986 
329.549829 
329.556237 
329.553037 
329.538839 
329.512214 
329.471436 
329.414590 
329.339564 
329.243933 
329.125123 
328.980382 
328.807183 
328.603788 
328.370745 
328.113927 
327.850200 
327.616513 
327.475163 
327.469096 
327.557365 
327.590864 
327.672115 
327.754786 
327.838867 
327.924350 
328.011225 
329.344440 
329.427360 
329.511105 
329.595656 
329.680992 
329.767094 
329.853940 
329.941511 
330.029785 
330.118724 
330.208264 
330.298340 
330.388886 
330.479836 
330.571113 
330.662592 
330.754143 
330.845634 
330.936929 
331.027826 
331.118065 
331.207381 
331.295494 
331.381965 
331.466259 
331.547831 
331.625877 
331.699297 
331.766911 
331.826854 
331.876818 
331.913692 
331.933068 
331.929092 
331.893556 
331.815009 
331.677784 
331.460144 
331.132749 
330.658155 
329.996523 
329.138940 
328.280277 
328.189280 
328.327000 
328.423231 
328.521050 
328.620499 
328.721620 
328.824456 
330.061381 
330.158872 
330.257918 
330.358585 
330.460939 
330.565046 
330.670972 
330.778784 
330.888548 
331.000358 
331.114345 
331.230642 
331.349385 
331.470707 
331.594757 
331.721740 
331.851869 
331.985359 
332.122427 
332.263345 
332.408433 
332.558014 
332.712415 
332.872023 
333.037257 
333.208538 
333.386293 
333.570958 
333.762960 
333.962600 
334.170099 
334.385421 
334.608111 
334.837062 
335.070049 
335.302784 
335.527664 
335.730695 
335.885687 
335.941914 
335.795270 
335.215119 
333.566885 
328.468696 
328.640319 
328.744297 
328.849925 
328.957286 
329.066463 
329.177537 
330.362673 
330.468196 
330.575746 
330.685447 
330.797424 
330.911802 
331.028705 
331.148257 
331.270585 
331.395872 
331.524385 
331.656393 
331.792168 
331.931980 
332.076137 
332.225075 
332.379252 
332.539128 
332.705172 
332.878010 
333.058406 
333.247130 
333.444981 
333.653044 
333.872571 
334.104827 
334.351435 
334.614424 
334.895916 
335.198814 
335.526526 
335.883294 
336.274701 
336.707805 
337.192083 
337.740511 
338.370968 
339.109370 
339.994526 
341.087294 
342.489371 
344.384924 
347.189557 
352.606749 
