327.449107 
327.378034 
327.294225 
327.197703 
327.089250 
326.970599 
326.845038 
326.717954 
326.597269 
326.494053 
326.422121 
326.396036 
326.425924 
326.509664 
326.634141 
326.696662 
326.496539 
326.557128 
326.618824 
326.681593 
326.745401 
326.810212 
326.875991 
326.942705 
327.010317 
327.078793 
327.148099 
327.218199 
327.289059 
327.360643 
327.432916 
327.505791 
327.579113 
327.652721 
327.726456 
327.800156 
327.873615 
327.946475 
328.018345 
328.088834 
328.157542 
328.223846 
328.286929 
328.345970 
328.400104 
328.448054 
328.488306 
328.519329 
328.539155 
328.545314 
329.512214 
329.471436 
329.414590 
329.339564 
329.243933 
329.125123 
328.980382 
328.807183 
328.603788 
328.370745 
328.113927 
327.850200 
327.616513 
327.475163 
327.469096 
327.557365 
327.590864 
327.672115 
327.754786 
327.838867 
327.924350 
328.011225 
328.099482 
328.189113 
328.280108 
328.372458 
328.466154 
328.561186 
328.657545 
328.755222 
328.854207 
328.954458 
329.055889 
329.158410 
329.261933 
329.366369 
329.471598 
329.577403 
329.683545 
329.789788 
329.895885 
330.001447 
330.105957 
330.208895 
330.309711 
330.407578 
330.501507 
330.590498 
330.673225 
330.747988 
331.766911 
331.826854 
331.876818 
331.913692 
331.933068 
331.929092 
331.893556 
331.815009 
331.677784 
331.460144 
331.132749 
330.658155 
329.996523 
329.138940 
328.280277 
328.189280 
328.327000 
328.423231 
328.521050 
328.620499 
328.721620 
328.824456 
328.929047 
329.035437 
329.143667 
329.253779 
329.365815 
329.479817 
329.595828 
329.713888 
329.834041 
329.956342 
330.080860 
330.207670 
330.336842 
330.468451 
330.602579 
330.739341 
330.878858 
331.021255 
331.166654 
331.315228 
331.467186 
331.622740 
331.782113 
331.945603 
332.113558 
332.286326 
332.464325 
332.648051 
333.762960 
333.962600 
334.170099 
334.385421 
334.608111 
334.837062 
335.070049 
335.302784 
335.527664 
335.730695 
335.885687 
335.941914 
335.795270 
335.215119 
333.566885 
328.468696 
328.640319 
328.744297 
328.849925 
328.957286 
329.066463 
329.177537 
329.290592 
329.405709 
329.522970 
329.642459 
329.764257 
329.888448 
330.015112 
330.144332 
330.276193 
330.410825 
330.548426 
330.689200 
330.833349 
330.981075 
331.132623 
331.288380 
331.448758 
331.614173 
331.785048 
331.962013 
332.145871 
332.337436 
332.537557 
332.747473 
332.968647 
333.202557 
333.451132 
333.716814 
334.895916 
335.198814 
335.526526 
335.883294 
336.274701 
336.707805 
337.192083 
337.740511 
338.370968 
339.109370 
339.994526 
341.087294 
342.489371 
344.384924 
347.189557 
352.606749 
