329.857181 
323.282451 
323.228478 
323.265755 
323.305171 
323.347347 
323.392899 
323.442447 
323.496609 
323.556003 
323.621249 
323.692963 
323.771766 
323.858275 
323.953109 
324.056886 
324.170230 
324.294003 
324.429390 
324.577598 
324.739837 
324.917314 
325.111363 
325.323729 
325.556240 
325.810727 
326.089041 
326.393469 
326.726681 
327.091358 
327.490241 
327.926670 
328.404328 
328.926916 
329.498652 
330.124341 
330.808884 
331.557907 
332.377500 
333.274238 
334.255465 
335.329078 
336.503806 
337.789177 
339.195593 
340.734462 
342.418262 
344.260662 
346.276791 
348.484722 
346.220298 
352.944184 
