330.065295 
329.849702 
329.504020 
328.990845 
328.271692 
327.324816 
326.198674 
325.186942 
325.048593 
324.975865 
325.062652 
325.152783 
325.246452 
325.343855 
325.445185 
325.550637 
325.660405 
325.774684 
325.893669 
326.017553 
326.146531 
326.280798 
326.420548 
326.565976 
326.717306 
326.874799 
327.038722 
327.209338 
327.386914 
327.571724 
327.764077 
327.964289 
328.172675 
328.389554 
328.615271 
328.850200 
329.094714 
329.349189 
329.614026 
329.889641 
330.176450 
330.474855 
330.785244 
331.107987 
331.443268 
331.791147 
332.151228 
332.522368 
332.902057 
333.285353 
333.502677 
333.680395 
333.827736 
333.921969 
333.915815 
333.701586 
333.018254 
331.127367 
325.132999 
325.330505 
325.436678 
325.546942 
325.661535 
325.780695 
325.904660 
326.033667 
326.167955 
326.307762 
326.453325 
326.604882 
326.762670 
326.926929 
327.097896 
327.275809 
327.460942 
327.653616 
327.854155 
328.062884 
328.280126 
328.506218 
328.741539 
328.986475 
329.241412 
329.506740 
329.782884 
330.070304 
330.369461 
330.680819 
331.004893 
331.342222 
331.693348 
332.058875 
332.439472 
332.835831 
333.248852 
333.679568 
334.129404 
334.600424 
335.095795 
335.620636 
336.060455 
336.726088 
337.522171 
338.494517 
339.711951 
341.287065 
343.425029 
346.596441 
352.959861 
