325.263605 
325.269772 
325.276061 
325.282481 
325.289036 
325.295733 
325.302579 
325.309821 
325.317235 
325.324829 
325.332611 
325.340590 
325.348772 
325.357168 
325.365785 
325.374633 
325.383718 
325.393053 
325.402648 
325.412516 
325.422668 
325.433117 
325.443873 
325.454955 
325.466383 
325.478177 
325.490358 
325.502947 
325.515974 
325.529479 
325.543499 
325.558073 
325.573250 
325.589100 
325.605692 
325.623099 
325.641423 
325.660785 
325.681311 
325.703170 
325.726567 
325.751731 
325.778980 
325.808679 
325.841327 
325.877540 
325.918181 
325.964392 
326.017814 
326.080863 
326.107876 
326.116001 
326.124269 
326.132691 
326.141275 
326.150027 
326.158958 
326.168389 
326.178029 
326.187886 
326.197971 
326.208295 
326.218869 
326.229702 
326.240807 
326.252193 
326.263872 
326.275855 
326.288155 
326.300784 
326.313757 
326.327084 
326.340779 
326.354859 
326.369340 
326.384242 
326.399581 
326.415375 
326.431651 
326.448436 
326.465761 
326.483655 
326.502155 
326.521310 
326.541169 
326.561785 
326.583226 
326.605570 
326.628900 
326.653314 
326.678928 
326.705863 
326.734267 
326.764294 
326.796116 
326.829908 
326.865831 
326.903996 
326.944377 
326.986615 
326.938152 
326.947591 
326.957159 
326.966865 
326.976718 
326.986728 
326.996904 
327.007611 
327.018516 
327.029630 
327.040964 
327.052531 
327.064342 
327.076409 
327.088746 
327.101363 
327.114273 
327.127488 
327.141019 
327.154877 
327.169075 
327.183623 
327.198533 
327.213814 
327.229475 
327.245524 
327.261970 
327.278821 
327.296082 
327.313758 
327.331852 
327.350370 
327.369312 
327.388677 
327.408465 
327.428671 
327.449289 
327.470304 
327.491702 
327.513454 
327.535514 
327.557828 
327.580293 
327.602781 
327.625076 
327.646887 
327.667751 
327.687014 
327.703686 
327.716320 
327.755202 
327.765411 
327.775690 
327.786049 
327.796496 
327.807042 
327.817694 
327.828832 
327.840105 
327.851523 
327.863098 
327.874843 
327.886771 
327.898895 
327.911229 
327.923785 
327.936576 
327.949615 
327.962913 
327.976483 
327.990335 
328.004482 
328.018935 
328.033700 
328.048780 
328.064177 
328.079894 
328.095933 
328.112286 
328.128937 
328.145869 
328.163067 
328.180504 
328.198136 
328.215921 
328.233811 
328.251739 
328.269624 
328.287383 
328.304907 
328.322068 
328.338727 
328.354701 
328.369792 
328.383752 
328.396299 
328.407109 
328.415834 
328.422144 
328.425840 
328.562296 
328.573026 
328.583729 
328.594414 
328.605086 
328.615753 
328.626422 
328.637463 
328.648522 
328.659605 
328.670724 
328.681892 
328.693122 
328.704426 
328.715818 
328.727311 
328.738917 
328.750651 
328.762529 
328.774566 
328.786777 
328.799178 
328.811784 
328.824606 
328.837654 
328.850938 
328.864467 
328.878249 
328.892282 
328.906556 
328.921060 
328.935784 
328.950703 
328.965774 
328.980953 
328.996190 
329.011415 
329.026541 
329.041479 
329.056125 
329.070360 
329.084066 
329.097123 
329.109411 
329.120841 
329.131345 
329.140928 
329.149669 
329.157782 
329.165646 
329.363713 
329.375202 
329.386543 
329.397737 
329.408787 
329.419694 
329.430461 
329.441448 
329.452289 
329.462987 
329.473548 
329.483981 
329.494297 
329.504504 
329.514613 
329.524633 
329.534573 
329.544450 
329.554282 
329.564089 
329.573889 
329.583703 
329.593550 
329.603453 
329.613441 
329.623538 
329.633773 
329.644172 
329.654761 
329.665563 
329.676605 
329.687910 
329.699496 
329.711369 
329.723534 
329.735996 
329.748739 
329.761732 
329.774946 
329.788332 
329.801828 
329.815370 
329.828890 
329.842320 
329.855619 
329.868764 
329.881782 
329.894740 
329.907749 
329.920929 
330.162356 
330.175454 
330.188279 
330.200827 
330.213090 
330.225062 
330.236739 
330.248495 
330.259921 
330.271012 
330.281764 
330.292177 
330.302252 
330.311989 
330.321388 
330.330449 
330.339173 
330.347568 
330.355651 
330.363435 
330.370937 
330.378171 
330.385154 
330.391917 
330.398499 
330.404939 
330.411277 
330.417555 
330.423828 
330.430166 
330.436638 
330.443314 
330.450270 
330.457597 
330.465385 
330.473726 
330.482709 
330.492422 
330.502951 
330.514360 
330.526695 
330.539990 
330.554228 
330.569371 
330.585332 
330.601985 
330.619173 
330.636715 
330.654422 
330.672119 
330.956758 
330.972934 
330.988746 
331.004179 
331.019217 
331.033844 
331.048046 
331.062266 
331.075996 
331.089220 
331.101920 
331.114080 
331.125685 
331.136717 
331.147161 
331.157001 
331.166220 
331.174809 
331.182764 
331.190081 
331.196754 
331.202780 
331.208156 
331.212895 
331.217025 
331.220570 
331.223557 
331.226014 
331.228000 
331.229594 
331.230878 
331.231934 
331.232870 
331.233840 
331.235001 
331.236513 
331.238580 
331.241432 
331.245301 
331.250432 
331.257081 
331.265497 
331.275881 
331.288407 
331.303142 
331.320062 
331.338981 
331.359581 
331.381391 
331.403877 
331.738067 
331.759249 
331.780048 
331.800439 
331.820398 
331.839901 
331.858924 
331.878062 
331.896634 
331.914613 
331.931966 
331.948657 
331.964651 
331.979912 
331.994404 
332.008091 
332.020937 
332.032906 
332.043956 
332.054050 
332.063148 
332.071211 
332.078201 
332.084086 
332.088840 
332.092438 
332.094853 
332.096061 
332.096063 
332.094878 
332.092527 
332.089030 
332.084443 
332.078877 
332.072450 
332.065287 
332.057603 
332.049671 
332.041771 
332.034284 
332.027678 
332.022445 
332.019187 
332.018544 
332.021168 
332.027703 
332.038652 
332.054315 
332.074612 
332.098976 
332.487783 
332.516020 
332.543955 
332.571561 
332.598810 
332.625674 
332.652124 
332.679010 
332.705394 
332.731244 
332.756518 
332.781165 
332.805136 
332.828381 
332.850848 
332.872489 
332.893251 
332.913071 
332.931872 
332.949580 
332.966119 
332.981414 
332.995389 
333.007952 
333.019003 
333.028439 
333.036162 
333.042068 
333.046050 
333.047996 
333.047792 
333.045326 
333.040496 
333.033220 
333.023418 
333.011014 
332.996006 
332.978435 
332.958355 
332.935960 
332.911566 
332.885557 
332.858622 
332.831584 
332.805625 
332.782200 
332.763138 
332.750512 
332.746519 
332.753037 
333.177140 
333.214110 
333.250972 
333.287702 
333.324276 
333.360673 
333.396868 
333.434056 
333.470979 
333.507609 
333.543906 
333.579821 
333.615304 
333.650306 
333.684778 
333.718670 
333.751930 
333.784486 
333.816248 
333.847126 
333.877029 
333.905868 
333.933550 
333.959945 
333.984898 
334.008256 
334.029865 
334.049566 
334.067153 
334.082380 
334.095002 
334.104773 
334.111406 
334.114550 
334.113850 
334.108944 
334.099418 
334.084820 
334.064701 
334.038614 
334.006115 
333.966795 
333.920415 
333.866831 
333.806317 
333.739519 
333.667956 
333.594111 
333.522059 
333.457793 
333.768785 
333.815270 
333.861928 
333.908749 
333.955722 
334.002838 
334.050088 
334.099075 
334.148183 
334.197401 
334.246708 
334.296075 
334.345475 
334.394879 
334.444258 
334.493584 
334.542828 
334.591939 
334.640854 
334.689506 
334.737831 
334.785765 
334.833238 
334.880142 
334.926340 
334.971698 
335.016079 
335.059342 
335.101276 
335.141617 
335.180101 
335.216460 
335.250350 
335.281298 
335.308819 
335.332411 
335.351375 
335.364881 
335.372084 
335.371883 
335.362957 
335.343898 
335.312889 
335.267955 
335.206776 
335.126803 
335.025356 
334.899911 
334.748721 
334.572143 
334.220958 
334.276428 
334.332382 
334.388832 
334.445786 
334.503255 
334.561248 
334.621775 
334.682883 
334.744583 
334.806886 
334.869799 
334.933333 
334.997497 
335.062299 
335.127750 
335.193858 
335.260625 
335.328053 
335.396138 
335.464881 
335.534280 
335.604333 
335.675020 
335.746309 
335.818168 
335.890566 
335.963467 
336.036798 
336.110452 
336.184322 
336.258302 
336.332226 
336.405834 
336.478858 
336.551012 
336.621824 
336.690698 
336.757020 
336.819851 
336.877976 
336.930028 
336.973893 
337.007123 
337.026169 
337.026555 
337.001922 
336.943889 
336.840766 
336.676540 
334.493628 
334.556083 
334.619293 
334.683287 
334.748094 
334.813743 
334.880261 
334.949988 
335.020708 
335.092453 
335.165266 
335.239196 
335.314293 
335.390607 
335.468188 
335.547084 
335.627347 
335.709043 
335.792246 
335.877034 
335.963483 
336.051669 
336.141670 
336.233587 
336.327532 
336.423622 
336.521970 
336.622692 
336.725932 
336.831855 
336.940626 
337.052409 
337.167392 
337.285794 
337.407839 
337.533753 
337.663788 
337.798217 
337.937307 
338.081323 
338.230516 
338.385117 
338.545218 
338.710840 
338.881632 
339.056895 
339.234960 
339.412847 
339.584917 
339.740666 
334.555342 
334.621519 
334.688607 
334.756645 
334.825674 
334.895735 
334.966868 
335.041590 
335.117547 
335.194783 
335.273363 
335.353362 
335.434855 
335.517918 
335.602626 
335.689056 
335.777285 
335.867420 
335.959590 
336.053922 
336.150546 
336.249591 
336.351189 
336.455527 
336.562822 
336.673295 
336.787166 
336.904660 
337.026087 
337.151820 
337.282236 
337.417710 
337.558712 
337.705868 
337.859818 
338.021223 
338.190997 
338.370224 
338.560010 
338.761846 
338.977554 
339.209126 
339.459370 
339.731461 
340.029744 
340.359554 
340.728261 
341.145529 
341.624990 
342.186256 
