327.726456 
327.800156 
327.873615 
327.946475 
328.018345 
328.088834 
328.157542 
328.223846 
328.286929 
328.345970 
328.400104 
328.448054 
328.488306 
328.519329 
328.539155 
328.545314 
328.535251 
328.505742 
328.453137 
328.373433 
328.262072 
328.114453 
327.926069 
327.693645 
327.416383 
327.098863 
326.755518 
326.417294 
326.139603 
326.002157 
326.058301 
326.090835 
326.015041 
326.092263 
326.171353 
326.252363 
326.335344 
326.420347 
326.507425 
326.596629 
326.688011 
326.781622 
326.877515 
326.975741 
327.076352 
327.179399 
327.284934 
327.393005 
327.503654 
327.616923 
329.261933 
329.366369 
329.471598 
329.577403 
329.683545 
329.789788 
329.895885 
330.001447 
330.105957 
330.208895 
330.309711 
330.407578 
330.501507 
330.590498 
330.673225 
330.747988 
330.813010 
330.865870 
330.903733 
330.923127 
330.919551 
330.887394 
330.819221 
330.704920 
330.530673 
330.276793 
329.915315 
329.408075 
328.710766 
327.806190 
326.885910 
326.722567 
326.836137 
326.936370 
327.039011 
327.144133 
327.251807 
327.362102 
327.475092 
327.590845 
327.709435 
327.830930 
327.955404 
328.082926 
328.213568 
328.347400 
328.484494 
328.624926 
328.768776 
328.916126 
330.336842 
330.468451 
330.602579 
330.739341 
330.878858 
331.021255 
331.166654 
331.315228 
331.467186 
331.622740 
331.782113 
331.945603 
332.113558 
332.286326 
332.464325 
332.648051 
332.838005 
333.034715 
333.238722 
333.450420 
333.669959 
333.896906 
334.129768 
334.364819 
334.594624 
334.804473 
334.965985 
335.023986 
334.866437 
334.248489 
332.501420 
326.914572 
327.205174 
327.317362 
327.432233 
327.549868 
327.670353 
327.793770 
327.920202 
328.049733 
328.182447 
328.318426 
328.457754 
328.600515 
328.746791 
328.896666 
329.050224 
329.207562 
329.368798 
329.534049 
330.833349 
330.981075 
331.132623 
331.288380 
331.448758 
331.614173 
331.785048 
331.962013 
332.145871 
332.337436 
332.537557 
332.747473 
332.968647 
333.202557 
333.451132 
333.716814 
334.002151 
334.310567 
334.646048 
335.013428 
335.418910 
335.870150 
336.377195 
336.953598 
337.617909 
338.397046 
339.331600 
340.485722 
341.967163 
343.971175 
346.937436 
352.977902 
