326.417294 
326.139603 
326.002157 
326.058301 
326.090835 
326.015041 
326.092263 
326.171353 
326.252363 
326.335344 
326.420347 
326.507425 
326.596629 
326.688011 
326.781622 
326.877515 
326.975741 
327.076352 
327.179399 
327.284934 
327.393005 
327.503654 
327.616923 
327.732853 
327.851487 
327.972852 
328.096930 
328.223692 
328.353110 
328.485150 
328.619659 
328.756383 
328.895061 
329.035398 
329.176743 
329.318239 
329.459008 
329.597592 
329.731869 
329.859555 
329.976959 
330.079476 
330.161031 
330.213175 
330.225094 
330.182200 
330.065295 
329.849702 
329.504020 
328.990845 
329.408075 
328.710766 
327.806190 
326.885910 
326.722567 
326.836137 
326.936370 
327.039011 
327.144133 
327.251807 
327.362102 
327.475092 
327.590845 
327.709435 
327.830930 
327.955404 
328.082926 
328.213568 
328.347400 
328.484494 
328.624926 
328.768776 
328.916126 
329.067059 
329.221654 
329.379994 
329.542155 
329.708211 
329.878238 
330.052311 
330.230486 
330.412799 
330.599288 
330.789985 
330.984852 
331.183814 
331.386790 
331.593585 
331.803874 
332.017297 
332.233212 
332.450789 
332.668889 
332.885868 
333.099514 
333.306674 
333.502677 
333.680395 
333.827736 
333.921969 
335.023986 
334.866437 
334.248489 
332.501420 
326.914572 
327.205174 
327.317362 
327.432233 
327.549868 
327.670353 
327.793770 
327.920202 
328.049733 
328.182447 
328.318426 
328.457754 
328.600515 
328.746791 
328.896666 
329.050224 
329.207562 
329.368798 
329.534049 
329.703434 
329.877072 
330.055095 
330.237688 
330.425046 
330.617362 
330.814837 
331.017780 
331.226597 
331.441697 
331.663521 
331.892819 
332.130523 
332.377584 
332.635448 
332.906134 
333.191797 
333.495799 
333.822275 
334.176630 
334.566306 
335.000833 
335.493104 
336.060455 
336.726088 
337.522171 
338.494517 
340.485722 
341.967163 
343.971175 
346.937436 
352.977902 
