326.478512 
326.462161 
326.448404 
326.438317 
326.433030 
326.433771 
326.441708 
326.457884 
326.483038 
326.517525 
326.561243 
326.613879 
326.675632 
326.748698 
326.839856 
326.964333 
326.980975 
326.622508 
326.652348 
326.682055 
326.711522 
326.740642 
326.769305 
326.797403 
326.824829 
326.851474 
326.877230 
326.901989 
326.925642 
326.948082 
326.969200 
326.988887 
327.007002 
327.023357 
327.037763 
327.050030 
327.059968 
327.067378 
327.072032 
327.073696 
327.072135 
327.067116 
327.058414 
327.045810 
327.029090 
327.008045 
326.982580 
326.952660 
326.918258 
326.879550 
327.941062 
327.909697 
327.877477 
327.845291 
327.814267 
327.785915 
327.762030 
327.744820 
327.736750 
327.740345 
327.757669 
327.789346 
327.833140 
327.882351 
327.924648 
327.941011 
327.979080 
327.911131 
327.954719 
327.998310 
328.041793 
328.085054 
328.127982 
328.170464 
328.212389 
328.253643 
328.294116 
328.333694 
328.372265 
328.409718 
328.445939 
328.480817 
328.514197 
328.545876 
328.575644 
328.603292 
328.628611 
328.651374 
328.671297 
328.688087 
328.701449 
328.711085 
328.716652 
328.717769 
328.714049 
328.705108 
328.690532 
328.669895 
328.642770 
328.608761 
329.593923 
329.554700 
329.507765 
329.452722 
329.389392 
329.317953 
329.239102 
329.154396 
329.066682 
328.980465 
328.902502 
328.841833 
328.808623 
328.810086 
328.842809 
328.892108 
328.989449 
329.022951 
329.081546 
329.140463 
329.199631 
329.258978 
329.318433 
329.377925 
329.437383 
329.496735 
329.555910 
329.614837 
329.673445 
329.731662 
329.789417 
329.846639 
329.903223 
329.959023 
330.013890 
330.067673 
330.120223 
330.171368 
330.220868 
330.268465 
330.313904 
330.356922 
330.397157 
330.434157 
330.467467 
330.496611 
330.520910 
330.539564 
330.551768 
330.556464 
331.463932 
331.452658 
331.429094 
331.391044 
331.336025 
331.261088 
331.163073 
331.038565 
330.884413 
330.698387 
330.480817 
330.237691 
329.986191 
329.763525 
329.632976 
329.644540 
329.693577 
329.895761 
329.968930 
330.042830 
330.117462 
330.192829 
330.268932 
330.345775 
330.423359 
330.501686 
330.580758 
330.660578 
330.741148 
330.822470 
330.904546 
330.987378 
331.070961 
331.155278 
331.240313 
331.326048 
331.412468 
331.499544 
331.587211 
331.675398 
331.764031 
331.853034 
331.942254 
332.031472 
332.120464 
332.208989 
332.296600 
332.382736 
332.466821 
332.547976 
333.413963 
333.482773 
333.543972 
333.595167 
333.633245 
333.653934 
333.651709 
333.619017 
333.545524 
333.417252 
333.214929 
332.912526 
332.476677 
331.871557 
331.088452 
330.302446 
330.134607 
330.468810 
330.553661 
330.639611 
330.726740 
330.815128 
330.904855 
330.996002 
331.088649 
331.182876 
331.278763 
331.376391 
331.475840 
331.577189 
331.680520 
331.785913 
331.893473 
332.003340 
332.115655 
332.230561 
332.348198 
332.468720 
332.592318 
332.719192 
332.849539 
332.983562 
333.121495 
333.263604 
333.410155 
333.561418 
333.717693 
333.879299 
334.046553 
334.219771 
335.085551 
335.263868 
335.448602 
335.639923 
335.837801 
336.041879 
336.251250 
336.464045 
336.676546 
336.882015 
337.067811 
337.209983 
337.261831 
337.127351 
336.594256 
335.080166 
330.445839 
330.693305 
330.784546 
330.877100 
330.971095 
331.066664 
331.163935 
331.263038 
331.364105 
331.467264 
331.572647 
331.680382 
331.790601 
331.903434 
332.019010 
332.137461 
332.258966 
332.383769 
332.512122 
332.644272 
332.780470 
332.920995 
333.066230 
333.216576 
333.372436 
333.534219 
333.702473 
333.877870 
334.061085 
334.252820 
334.454057 
334.665937 
334.889613 
335.126599 
336.005476 
336.263993 
336.541812 
336.842131 
337.168922 
337.527407 
337.924152 
338.367924 
338.870668 
339.448781 
340.125977 
340.937767 
341.939901 
343.225688 
344.964267 
347.537193 
352.579470 
