322.506371 
322.506384 
322.506406 
322.506443 
322.506498 
322.506578 
322.506686 
322.506829 
322.507011 
322.507237 
322.507523 
322.507896 
322.508386 
322.509021 
322.509831 
322.510860 
322.512200 
322.513951 
322.516217 
322.519105 
322.522821 
322.527663 
322.533930 
322.541948 
322.552308 
322.565754 
322.583045 
322.605326 
322.634191 
322.671332 
322.719303 
322.781214 
322.860991 
322.963876 
323.096233 
323.266147 
323.483108 
323.757205 
324.096211 
324.496596 
324.920063 
325.232568 
325.066059 
323.725430 
322.557461 
322.557461 
322.557506 
322.557534 
322.557549 
322.557558 
322.558604 
322.558617 
322.558639 
322.558675 
322.558729 
322.558806 
322.558912 
322.559052 
322.559229 
322.559450 
322.559730 
322.560094 
322.560572 
322.561193 
322.561985 
322.562990 
322.564298 
322.566009 
322.568222 
322.571043 
322.574673 
322.579403 
322.585525 
322.593356 
322.603476 
322.616610 
322.633500 
322.655266 
322.683463 
322.719746 
322.766616 
322.827119 
322.905120 
323.005798 
323.135549 
323.302669 
323.517524 
323.792628 
324.142269 
324.579914 
325.110490 
325.707822 
326.239943 
326.013270 
322.609789 
322.609789 
322.609832 
322.609859 
322.609874 
322.609882 
322.610834 
322.610847 
322.610868 
322.610902 
322.610953 
322.611027 
322.611128 
322.611260 
322.611429 
322.611639 
322.611905 
322.612252 
322.612707 
322.613297 
322.614050 
322.615006 
322.616251 
322.617879 
322.619984 
322.622667 
322.626120 
322.630620 
322.636443 
322.643893 
322.653520 
322.666015 
322.682082 
322.702788 
322.729614 
322.764135 
322.808738 
322.866332 
322.940633 
323.036657 
323.160731 
323.321301 
323.529757 
323.801690 
324.160004 
324.641028 
325.308480 
326.286494 
327.824032 
330.188599 
322.662115 
322.662115 
322.662155 
322.662180 
322.662194 
322.662202 
322.663062 
322.663073 
322.663092 
322.663123 
322.663171 
322.663239 
322.663332 
322.663455 
322.663611 
322.663805 
322.664050 
322.664371 
322.664791 
322.665337 
322.666032 
322.666915 
322.668065 
322.669569 
322.671514 
322.673992 
322.677183 
322.681339 
322.686719 
322.693601 
322.702495 
322.714037 
322.728880 
322.748009 
322.772793 
322.804688 
322.845903 
322.899136 
322.967845 
323.056726 
323.171791 
323.321227 
323.516609 
323.774890 
324.123661 
324.612737 
325.341895 
326.531133 
328.709523 
333.480513 
353.150000 
