322.153510 
322.153709 
322.153961 
322.154277 
322.154669 
322.155153 
322.155756 
322.156508 
322.157441 
322.158584 
322.159984 
322.161699 
322.163788 
322.166311 
322.169336 
322.172935 
322.177181 
322.182117 
322.187755 
322.194096 
322.201014 
322.208305 
322.215630 
322.222433 
322.228020 
322.231511 
322.232085 
322.229231 
322.223305 
322.216014 
322.210102 
322.206913 
322.201941 
322.181001 
322.202734 
322.202734 
322.202761 
322.202779 
322.202791 
322.202801 
322.202811 
322.202824 
322.202843 
322.202872 
322.202912 
322.202966 
322.203039 
322.203132 
322.203248 
322.203391 
322.205119 
322.205319 
322.205573 
322.205892 
322.206289 
322.206778 
322.207389 
322.208155 
322.209106 
322.210275 
322.211712 
322.213482 
322.215649 
322.218279 
322.221456 
322.225272 
322.229816 
322.235166 
322.241379 
322.248501 
322.256477 
322.265179 
322.274345 
322.283490 
322.291933 
322.298704 
322.302652 
322.302629 
322.297963 
322.289301 
322.279538 
322.273484 
322.273242 
322.273969 
322.254431 
322.254431 
322.254457 
322.254475 
322.254488 
322.254497 
322.254507 
322.254520 
322.254539 
322.254567 
322.254607 
322.254662 
322.254734 
322.254827 
322.254943 
322.255086 
322.256728 
322.256930 
322.257186 
322.257510 
322.257913 
322.258412 
322.259039 
322.259827 
322.260812 
322.262028 
322.263533 
322.265402 
322.267711 
322.270541 
322.274001 
322.278219 
322.283325 
322.289455 
322.296758 
322.305373 
322.315383 
322.326826 
322.339611 
322.353437 
322.367727 
322.381457 
322.393028 
322.400244 
322.400473 
322.391701 
322.375102 
322.359145 
322.358977 
322.381726 
322.306127 
322.306127 
322.306153 
322.306171 
322.306184 
322.306193 
322.306203 
322.306216 
322.306235 
322.306262 
322.306302 
322.306356 
322.306428 
322.306520 
322.306636 
322.306778 
322.308335 
322.308539 
322.308799 
322.309128 
322.309539 
322.310051 
322.310696 
322.311514 
322.312542 
322.313820 
322.315414 
322.317415 
322.319915 
322.323011 
322.326852 
322.331618 
322.337489 
322.344691 
322.353500 
322.364196 
322.377069 
322.392420 
322.410456 
322.431233 
322.454495 
322.479431 
322.504248 
322.525810 
322.539102 
322.537607 
322.516210 
322.480150 
322.458416 
322.485002 
322.357823 
322.357823 
322.357849 
322.357867 
322.357879 
322.357889 
322.357898 
322.357911 
322.357929 
322.357956 
322.357995 
322.358048 
322.358119 
322.358210 
322.358325 
322.358466 
322.359938 
322.360144 
322.360407 
322.360742 
322.361161 
322.361684 
322.362350 
322.363199 
322.364274 
322.365619 
322.367311 
322.369460 
322.372174 
322.375572 
322.379849 
322.385245 
322.392003 
322.400457 
322.411043 
322.424214 
322.440544 
322.460686 
322.485292 
322.515010 
322.550243 
322.590914 
322.635772 
322.681652 
322.721945 
322.745079 
322.734601 
322.677464 
322.596196 
322.583535 
322.409519 
322.409519 
322.409545 
322.409563 
322.409575 
322.409584 
322.409593 
322.409604 
322.409622 
322.409648 
322.409686 
322.409739 
322.409808 
322.409898 
322.410010 
322.410149 
322.411537 
322.411743 
322.412008 
322.412346 
322.412771 
322.413304 
322.413987 
322.414864 
322.415982 
322.417388 
322.419174 
322.421465 
322.424390 
322.428087 
322.432800 
322.438833 
322.446496 
322.456242 
322.468686 
322.484475 
322.504523 
322.529909 
322.561872 
322.601896 
322.651450 
322.711879 
322.783639 
322.865328 
322.951354 
323.027962 
323.067303 
323.023455 
322.859421 
322.697381 
322.461215 
322.461215 
322.461241 
322.461258 
322.461269 
322.461278 
322.461286 
322.461297 
322.461314 
322.461340 
322.461376 
322.461427 
322.461495 
322.461582 
322.461692 
322.461827 
322.463130 
322.463334 
322.463598 
322.463936 
322.464363 
322.464901 
322.465592 
322.466488 
322.467637 
322.469090 
322.470949 
322.473356 
322.476455 
322.480406 
322.485496 
322.492092 
322.500566 
322.511488 
322.525650 
322.543899 
322.567506 
322.598020 
322.637356 
322.688017 
322.752898 
322.835433 
322.939088 
323.066561 
323.217532 
323.383384 
323.535585 
323.601247 
323.432589 
322.947571 
322.512910 
322.512910 
322.512935 
322.512952 
322.512963 
322.512971 
322.512979 
322.512990 
322.513005 
322.513030 
322.513065 
322.513113 
322.513178 
322.513262 
322.513368 
322.513499 
322.514714 
322.514914 
322.515173 
322.515507 
322.515930 
322.516464 
322.517155 
322.518054 
322.519214 
322.520688 
322.522585 
322.525060 
322.528270 
322.532388 
322.537741 
322.544744 
322.553820 
322.565639 
322.581153 
322.601378 
322.627925 
322.662783 
322.708549 
322.768790 
322.847989 
322.952065 
323.088454 
323.266002 
323.494162 
323.779324 
324.113570 
324.439444 
324.543321 
323.822618 
322.564606 
322.564606 
322.564630 
322.564645 
322.564656 
322.564663 
322.564671 
322.564681 
322.564695 
322.564718 
322.564751 
322.564797 
322.564859 
322.564939 
322.565039 
322.565164 
322.566288 
322.566481 
322.566732 
322.567056 
322.567466 
322.567986 
322.568662 
322.569547 
322.570691 
322.572151 
322.574039 
322.576517 
322.579748 
322.583915 
322.589365 
322.596546 
322.605915 
322.618210 
322.634492 
322.655904 
322.684315 
322.722060 
322.772296 
322.839502 
322.929605 
323.050889 
323.214865 
323.437232 
323.739661 
324.150907 
324.705086 
325.424241 
326.219150 
326.282643 
322.616301 
322.616301 
322.616323 
322.616338 
322.616348 
322.616355 
322.616362 
322.616371 
322.616384 
322.616405 
322.616436 
322.616479 
322.616536 
322.616611 
322.616705 
322.616822 
322.617853 
322.618034 
322.618272 
322.618579 
322.618969 
322.619463 
322.620109 
322.620955 
322.622054 
322.623460 
322.625283 
322.627686 
322.630831 
322.634900 
322.640246 
322.647325 
322.656600 
322.668837 
322.685139 
322.706704 
322.735528 
322.774126 
322.825975 
322.896107 
322.991389 
323.121734 
323.301676 
323.552368 
323.906058 
324.413078 
325.154709 
326.267651 
327.980099 
330.475270 
322.667996 
322.667996 
322.668017 
322.668030 
322.668039 
322.668045 
322.668051 
322.668060 
322.668072 
322.668091 
322.668119 
322.668158 
322.668211 
322.668279 
322.668366 
322.668472 
322.669406 
322.669574 
322.669792 
322.670075 
322.670436 
322.670893 
322.671490 
322.672276 
322.673297 
322.674604 
322.676303 
322.678547 
322.681490 
322.685304 
322.690327 
322.696994 
322.705750 
322.717333 
322.732815 
322.753355 
322.780914 
322.817971 
322.867992 
322.936041 
323.029135 
323.157557 
323.336765 
323.589906 
323.953743 
324.489178 
325.303994 
326.610528 
328.901722 
333.752985 
353.150000 
