322.303369 
322.303415 
322.303479 
322.303564 
322.303675 
322.303814 
322.303986 
322.304200 
322.304474 
322.304827 
322.305276 
322.305842 
322.306550 
322.307453 
322.308608 
322.310073 
322.311908 
322.314218 
322.317147 
322.320842 
322.325456 
322.331230 
322.338452 
322.347413 
322.358468 
322.372040 
322.388554 
322.408392 
322.431906 
322.459204 
322.489989 
322.523296 
322.557018 
322.587287 
322.608072 
322.610788 
322.585791 
322.527776 
322.448077 
322.384828 
322.360570 
322.353711 
322.353711 
322.353747 
322.353770 
322.353785 
322.353796 
322.353807 
322.353822 
322.353844 
322.355242 
322.355288 
322.355352 
322.355437 
322.355546 
322.355684 
322.355855 
322.356067 
322.356339 
322.356689 
322.357136 
322.357698 
322.358401 
322.359299 
322.360449 
322.361908 
322.363739 
322.366046 
322.368977 
322.372681 
322.377317 
322.383135 
322.390442 
322.399546 
322.410840 
322.424813 
322.441959 
322.462808 
322.487908 
322.517662 
322.552231 
322.591277 
322.633579 
322.676369 
322.714707 
322.740357 
322.741177 
322.702327 
322.614352 
322.500318 
322.445685 
322.405676 
322.405676 
322.405711 
322.405734 
322.405749 
322.405760 
322.405771 
322.405786 
322.405807 
322.407114 
322.407159 
322.407221 
322.407305 
322.407412 
322.407548 
322.407715 
322.407923 
322.408190 
322.408535 
322.408974 
322.409528 
322.410221 
322.411107 
322.412243 
322.413689 
322.415503 
322.417797 
322.420721 
322.424430 
322.429088 
322.434968 
322.442405 
322.451738 
322.463429 
322.478081 
322.496317 
322.518935 
322.546837 
322.580971 
322.622347 
322.671811 
322.729864 
322.796016 
322.867968 
322.939615 
322.997514 
323.015034 
322.947251 
322.755871 
322.562874 
322.457641 
322.457641 
322.457675 
322.457698 
322.457712 
322.457723 
322.457733 
322.457748 
322.457769 
322.458984 
322.459027 
322.459088 
322.459169 
322.459273 
322.459405 
322.459567 
322.459769 
322.460029 
322.460364 
322.460792 
322.461331 
322.462008 
322.462874 
322.463987 
322.465406 
322.467192 
322.469455 
322.472355 
322.476050 
322.480711 
322.486637 
322.494197 
322.503769 
322.515900 
322.531333 
322.550855 
322.575596 
322.606913 
322.646453 
322.696329 
322.758976 
322.837279 
322.934180 
323.051983 
323.190284 
323.340758 
323.475256 
323.520658 
323.328385 
322.817399 
322.509605 
322.509605 
322.509638 
322.509660 
322.509674 
322.509684 
322.509694 
322.509708 
322.509728 
322.510852 
322.510894 
322.510951 
322.511029 
322.511129 
322.511255 
322.511411 
322.511605 
322.511854 
322.512176 
322.512588 
322.513108 
322.513760 
322.514597 
322.515675 
322.517053 
322.518791 
322.521001 
322.523847 
322.527490 
322.532109 
322.538023 
322.545637 
322.555362 
322.567829 
322.583922 
322.604584 
322.631291 
322.665856 
322.710657 
322.768971 
322.844972 
322.944244 
323.073943 
323.242729 
323.460011 
323.732178 
324.051104 
324.358726 
324.440839 
323.694585 
322.561569 
322.561569 
322.561600 
322.561621 
322.561634 
322.561644 
322.561654 
322.561666 
322.561686 
322.562718 
322.562757 
322.562812 
322.562885 
322.562980 
322.563099 
322.563246 
322.563430 
322.563666 
322.563971 
322.564363 
322.564856 
322.565476 
322.566273 
322.567303 
322.568622 
322.570288 
322.572415 
322.575165 
322.578702 
322.583205 
322.589010 
322.596542 
322.606236 
322.618785 
322.635181 
322.656490 
322.684464 
322.721293 
322.769966 
322.834762 
322.921403 
323.037970 
323.195802 
323.410454 
323.703456 
324.103304 
324.643610 
325.345656 
326.119336 
326.156213 
322.613533 
322.613533 
322.613562 
322.613581 
322.613593 
322.613603 
322.613611 
322.613623 
322.613641 
322.614582 
322.614619 
322.614670 
322.614738 
322.614826 
322.614937 
322.615074 
322.615245 
322.615465 
322.615750 
322.616115 
322.616575 
322.617155 
322.617902 
322.618868 
322.620107 
322.621675 
322.623682 
322.626286 
322.629646 
322.633939 
322.639501 
322.646760 
322.656155 
322.668406 
322.684550 
322.705715 
322.733797 
322.771197 
322.821266 
322.888896 
322.980816 
323.106802 
323.281255 
323.525166 
323.870547 
324.367331 
325.096175 
326.192890 
327.884399 
330.351981 
322.665496 
322.665496 
322.665523 
322.665540 
322.665552 
322.665560 
322.665568 
322.665579 
322.665595 
322.666445 
322.666478 
322.666525 
322.666587 
322.666667 
322.666769 
322.666894 
322.667050 
322.667251 
322.667512 
322.667846 
322.668267 
322.668798 
322.669482 
322.670368 
322.671506 
322.672948 
322.674795 
322.677197 
322.680302 
322.684277 
322.689441 
322.696203 
322.704981 
322.716472 
322.731686 
322.751722 
322.778456 
322.814272 
322.862538 
322.928211 
323.018205 
323.142699 
323.317027 
323.564165 
323.920602 
324.446807 
325.249921 
326.541350 
328.812594 
333.636684 
353.150000 
