322.253445 
322.253602 
322.253798 
322.254047 
322.254366 
322.254772 
322.255279 
322.255912 
322.256714 
322.257731 
322.259014 
322.260610 
322.262603 
322.265105 
322.268226 
322.272086 
322.276852 
322.282722 
322.289896 
322.298584 
322.309014 
322.321404 
322.335851 
322.352373 
322.370731 
322.390277 
322.409841 
322.427414 
322.440011 
322.443765 
322.434502 
322.409833 
322.373027 
322.336867 
322.316642 
322.301390 
322.303211 
322.303211 
322.303244 
322.303266 
322.303280 
322.303291 
322.303301 
322.303315 
322.303337 
322.303369 
322.303415 
322.303479 
322.303564 
322.303675 
322.305227 
322.305384 
322.305579 
322.305827 
322.306145 
322.306549 
322.307056 
322.307688 
322.308490 
322.309510 
322.310797 
322.312401 
322.314408 
322.316934 
322.320096 
322.324018 
322.328883 
322.334910 
322.342317 
322.351360 
322.362329 
322.375516 
322.391149 
322.409415 
322.430308 
322.453506 
322.478224 
322.502904 
322.524891 
322.540225 
322.543479 
322.528606 
322.491873 
322.439232 
322.396066 
322.387883 
322.355087 
322.355087 
322.355119 
322.355140 
322.355155 
322.355165 
322.355176 
322.355190 
322.355211 
322.355242 
322.355288 
322.355352 
322.355437 
322.355546 
322.357005 
322.357160 
322.357352 
322.357598 
322.357914 
322.358315 
322.358819 
322.359448 
322.360248 
322.361268 
322.362559 
322.364173 
322.366200 
322.368765 
322.371994 
322.376020 
322.381054 
322.387352 
322.395172 
322.404846 
322.416786 
322.431416 
322.449212 
322.470683 
322.496267 
322.526286 
322.560746 
322.599080 
322.639578 
322.678752 
322.709998 
322.722127 
322.699037 
322.626942 
322.526103 
322.490199 
322.406962 
322.406962 
322.406993 
322.407014 
322.407028 
322.407039 
322.407049 
322.407063 
322.407083 
322.407114 
322.407159 
322.407221 
322.407305 
322.407412 
322.408778 
322.408930 
322.409118 
322.409360 
322.409671 
322.410067 
322.410564 
322.411187 
322.411981 
322.412999 
322.414290 
322.415910 
322.417956 
322.420561 
322.423864 
322.428010 
322.433247 
322.439876 
322.448208 
322.458674 
322.471845 
322.488322 
322.508912 
322.534558 
322.566317 
322.605425 
322.653082 
322.710344 
322.777439 
322.852848 
322.931014 
322.998253 
323.026501 
322.969077 
322.788480 
322.609199 
322.458836 
322.458836 
322.458867 
322.458887 
322.458901 
322.458911 
322.458921 
322.458934 
322.458954 
322.458984 
322.459027 
322.459088 
322.459169 
322.459273 
322.460546 
322.460693 
322.460876 
322.461112 
322.461415 
322.461802 
322.462290 
322.462901 
322.463684 
322.464691 
322.465974 
322.467590 
322.469641 
322.472273 
322.475635 
322.479884 
322.485306 
322.492254 
322.501090 
322.512354 
322.526791 
322.545191 
322.568735 
322.598853 
322.637320 
322.686466 
322.749010 
322.828218 
322.927427 
323.049256 
323.193322 
323.350849 
323.492934 
323.546223 
323.362976 
322.861588 
322.510711 
322.510711 
322.510740 
322.510760 
322.510773 
322.510782 
322.510792 
322.510804 
322.510823 
322.510852 
322.510894 
322.510951 
322.511029 
322.511129 
322.512308 
322.512450 
322.512626 
322.512852 
322.513145 
322.513520 
322.513992 
322.514586 
322.515348 
322.516334 
322.517595 
322.519188 
322.521221 
322.523849 
322.527227 
322.531527 
322.537063 
322.544235 
322.553451 
322.565349 
322.580833 
322.600869 
322.626992 
322.661098 
322.705680 
322.764187 
322.840984 
322.941878 
323.074201 
323.246690 
323.468644 
323.746187 
324.071018 
324.385316 
324.475234 
323.737514 
322.562585 
322.562585 
322.562613 
322.562631 
322.562643 
322.562652 
322.562661 
322.562673 
322.562691 
322.562718 
322.562757 
322.562812 
322.562885 
322.562980 
322.564065 
322.564199 
322.564366 
322.564582 
322.564860 
322.565217 
322.565669 
322.566236 
322.566969 
322.567918 
322.569138 
322.570683 
322.572664 
322.575239 
322.578570 
322.582831 
322.588361 
322.595586 
322.604948 
322.617153 
322.633222 
322.654254 
322.682055 
322.718893 
322.767846 
322.833310 
322.921125 
323.039480 
323.199779 
323.417579 
323.714342 
324.118517 
324.663828 
325.371869 
326.152796 
326.198478 
322.614458 
322.614458 
322.614485 
322.614502 
322.614513 
322.614522 
322.614530 
322.614541 
322.614557 
322.614582 
322.614619 
322.614670 
322.614738 
322.614826 
322.615817 
322.615942 
322.616098 
322.616299 
322.616559 
322.616894 
322.617317 
322.617851 
322.618540 
322.619437 
322.620592 
322.622058 
322.623945 
322.626408 
322.629607 
322.633716 
322.639077 
322.646126 
322.655310 
322.667367 
322.683366 
322.704465 
322.732615 
322.770275 
322.820865 
322.889351 
322.982528 
323.110220 
323.286847 
323.533399 
323.881897 
324.382359 
325.115651 
326.217897 
327.916417 
330.393182 
322.666332 
322.666332 
322.666356 
322.666372 
322.666382 
322.666390 
322.666397 
322.666407 
322.666422 
322.666445 
322.666478 
322.666525 
322.666587 
322.666667 
322.667563 
322.667677 
322.667820 
322.668004 
322.668243 
322.668549 
322.668938 
322.669428 
322.670062 
322.670888 
322.671952 
322.673306 
322.675052 
322.677336 
322.680310 
322.684137 
322.689145 
322.695752 
322.704386 
322.715761 
322.730918 
322.750985 
322.777884 
322.814050 
322.862900 
322.929445 
323.020636 
323.146674 
323.322902 
323.572307 
323.931427 
324.460864 
325.267980 
326.564494 
328.842389 
333.675551 
353.150000 
