322.624069 
322.644267 
322.670551 
322.704951 
322.749636 
322.807940 
322.883952 
322.982931 
323.112016 
323.280181 
323.499314 
323.784885 
324.156667 
324.639783 
325.263538 
326.051789 
326.974869 
327.740300 
326.929356 
322.608835 
322.608835 
322.608874 
322.608896 
322.608907 
322.608911 
322.608913 
322.608916 
322.608927 
322.608948 
322.608984 
322.609040 
322.609121 
322.609230 
322.609372 
322.609553 
322.609786 
322.610103 
322.610533 
322.611108 
322.611859 
322.612836 
322.614152 
322.615933 
322.618305 
322.621403 
322.625508 
322.631039 
322.638414 
322.648098 
322.660998 
322.674223 
322.693762 
322.719188 
322.752466 
322.795692 
322.852094 
322.925626 
323.021376 
323.146250 
323.308934 
323.520944 
323.797313 
324.157460 
324.626891 
325.239029 
326.038253 
327.086077 
328.477259 
330.329929 
322.661254 
322.661254 
322.661290 
322.661311 
322.661322 
322.661326 
322.661327 
322.661331 
322.661340 
322.661360 
322.661395 
322.661448 
322.661525 
322.661628 
322.661763 
322.661934 
322.662156 
322.662456 
322.662864 
322.663410 
322.664122 
322.665049 
322.666297 
322.667986 
322.670236 
322.673173 
322.677067 
322.682313 
322.689307 
322.698492 
322.710727 
322.722158 
322.740366 
322.764059 
322.795069 
322.835350 
322.887909 
322.956430 
323.045655 
323.162021 
323.313626 
323.511214 
323.768863 
324.104952 
324.544416 
325.123349 
325.903847 
327.031104 
328.962886 
333.465233 
353.150000 
