322.011177 
322.012554 
322.014118 
322.015874 
322.017812 
322.019904 
322.022117 
322.024394 
322.026662 
322.028850 
322.030894 
322.032768 
322.034515 
322.036270 
322.038224 
322.040501 
322.042846 
322.044170 
322.041931 
322.030731 
321.995046 
322.053309 
322.053309 
322.053327 
322.053340 
322.053349 
322.053358 
322.053367 
322.053378 
322.053394 
322.053416 
322.053446 
322.053487 
322.053539 
322.053605 
322.053688 
322.053788 
322.053910 
322.054062 
322.054251 
322.054485 
322.054772 
322.055123 
322.055551 
322.056077 
322.056715 
322.057486 
322.058410 
322.059515 
322.060826 
322.062920 
322.064425 
322.066155 
322.068123 
322.070329 
322.072753 
322.075373 
322.078133 
322.080958 
322.083759 
322.086434 
322.088902 
322.091133 
322.093205 
322.095323 
322.097809 
322.100904 
322.104338 
322.106782 
322.105764 
322.100234 
322.104740 
322.104740 
322.104758 
322.104771 
322.104781 
322.104789 
322.104798 
322.104809 
322.104825 
322.104847 
322.104878 
322.104918 
322.104971 
322.105039 
322.105122 
322.105223 
322.105347 
322.105501 
322.105694 
322.105934 
322.106228 
322.106587 
322.107029 
322.107572 
322.108235 
322.109038 
322.110007 
322.111172 
322.112565 
322.115030 
322.116785 
322.118840 
322.121227 
322.123965 
322.127057 
322.130503 
322.134257 
322.138248 
322.142365 
322.146443 
322.150299 
322.153745 
322.156700 
322.159290 
322.162040 
322.165960 
322.172293 
322.181862 
322.195473 
322.220892 
322.156171 
322.156171 
322.156190 
322.156203 
322.156213 
322.156221 
322.156229 
322.156241 
322.156256 
322.156279 
322.156309 
322.156351 
322.156405 
322.156473 
322.156558 
322.156662 
322.156789 
322.156948 
322.157148 
322.157397 
322.157703 
322.158080 
322.158545 
322.159122 
322.159831 
322.160696 
322.161747 
322.163027 
322.164577 
322.167467 
322.169584 
322.172115 
322.175119 
322.178649 
322.182750 
322.187462 
322.192773 
322.198637 
322.204940 
322.211457 
322.217883 
322.223798 
322.228798 
322.232666 
322.235791 
322.239718 
322.247488 
322.262928 
322.289138 
322.330649 
322.207602 
322.207602 
322.207621 
322.207635 
322.207645 
322.207653 
322.207661 
322.207672 
322.207688 
322.207710 
322.207741 
322.207783 
322.207838 
322.207909 
322.207996 
322.208103 
322.208234 
322.208400 
322.208608 
322.208870 
322.209194 
322.209594 
322.210092 
322.210715 
322.211488 
322.212438 
322.213606 
322.215047 
322.216816 
322.220167 
322.222744 
322.225886 
322.229689 
322.234257 
322.239702 
322.246132 
322.253607 
322.262154 
322.271706 
322.282036 
322.292746 
322.303166 
322.312414 
322.319550 
322.324085 
322.327059 
322.332545 
322.348144 
322.380812 
322.429550 
322.259032 
322.259032 
322.259053 
322.259067 
322.259077 
322.259085 
322.259093 
322.259104 
322.259119 
322.259141 
322.259173 
322.259216 
322.259272 
322.259344 
322.259435 
322.259545 
322.259681 
322.259854 
322.260073 
322.260350 
322.260694 
322.261121 
322.261658 
322.262336 
322.263186 
322.264238 
322.265546 
322.267182 
322.269219 
322.273046 
322.276157 
322.280016 
322.284769 
322.290590 
322.297687 
322.306268 
322.316522 
322.328623 
322.342642 
322.358474 
322.375753 
322.393675 
322.410860 
322.425350 
322.434858 
322.438017 
322.437201 
322.442654 
322.470812 
322.524311 
322.310463 
322.310463 
322.310484 
322.310499 
322.310509 
322.310516 
322.310524 
322.310535 
322.310550 
322.310572 
322.310604 
322.310648 
322.310705 
322.310779 
322.310872 
322.310986 
322.311128 
322.311307 
322.311538 
322.311830 
322.312195 
322.312651 
322.313229 
322.313966 
322.314897 
322.316060 
322.317521 
322.319371 
322.321702 
322.325997 
322.329686 
322.334330 
322.340135 
322.347365 
322.356356 
322.367451 
322.381039 
322.397532 
322.417269 
322.440465 
322.467032 
322.496349 
322.526840 
322.555651 
322.578181 
322.588547 
322.582485 
322.565980 
322.567608 
322.618141 
322.361893 
322.361893 
322.361915 
322.361930 
322.361940 
322.361948 
322.361956 
322.361966 
322.361980 
322.362003 
322.362035 
322.362079 
322.362137 
322.362213 
322.362308 
322.362425 
322.362570 
322.362757 
322.362997 
322.363304 
322.363689 
322.364172 
322.364790 
322.365584 
322.366595 
322.367866 
322.369478 
322.371541 
322.374169 
322.378898 
322.383167 
322.388613 
322.395504 
322.404213 
322.415230 
322.429069 
322.446385 
322.467928 
322.494462 
322.526769 
322.565403 
322.610467 
322.660940 
322.713954 
322.763308 
322.797948 
322.801954 
322.762557 
322.701973 
322.713086 
322.413324 
322.413324 
322.413346 
322.413361 
322.413371 
322.413379 
322.413386 
322.413396 
322.413410 
322.413432 
322.413464 
322.413508 
322.413567 
322.413644 
322.413740 
322.413859 
322.414008 
322.414199 
322.414447 
322.414765 
322.415166 
322.415672 
322.416323 
322.417166 
322.418247 
322.419614 
322.421360 
322.423617 
322.426517 
322.431615 
322.436421 
322.442621 
322.450547 
322.460689 
322.473713 
322.490317 
322.511487 
322.538389 
322.572359 
322.615004 
322.667936 
322.732682 
322.809928 
322.898571 
322.993391 
323.081059 
323.134128 
323.106969 
322.962927 
322.825659 
322.464754 
322.464754 
322.464777 
322.464792 
322.464802 
322.464809 
322.464816 
322.464825 
322.464839 
322.464860 
322.464891 
322.464935 
322.464994 
322.465071 
322.465167 
322.465287 
322.465436 
322.465630 
322.465882 
322.466207 
322.466619 
322.467139 
322.467814 
322.468692 
322.469824 
322.471263 
322.473114 
322.475524 
322.478643 
322.484012 
322.489262 
322.496096 
322.504910 
322.516306 
322.531123 
322.550253 
322.575032 
322.607085 
322.648419 
322.701653 
322.769822 
322.856542 
322.965509 
323.099708 
323.259171 
323.435681 
323.601133 
323.683136 
323.534681 
323.075054 
322.516184 
322.516184 
322.516207 
322.516222 
322.516231 
322.516238 
322.516244 
322.516253 
322.516266 
322.516287 
322.516317 
322.516360 
322.516418 
322.516493 
322.516589 
322.516707 
322.516855 
322.517048 
322.517300 
322.517625 
322.518039 
322.518564 
322.519248 
322.520142 
322.521300 
322.522779 
322.524689 
322.527192 
322.530452 
322.535964 
322.541515 
322.548794 
322.558248 
322.570575 
322.586767 
322.607884 
322.635595 
322.671961 
322.719662 
322.782378 
322.864731 
322.972818 
323.114300 
323.298308 
323.534643 
323.830119 
324.177341 
324.519548 
324.644058 
323.949267 
322.567614 
322.567614 
322.567636 
322.567651 
322.567660 
322.567666 
322.567672 
322.567680 
322.567692 
322.567712 
322.567741 
322.567782 
322.567838 
322.567911 
322.568003 
322.568118 
322.568262 
322.568450 
322.568696 
322.569015 
322.569422 
322.569939 
322.570614 
322.571502 
322.572655 
322.574132 
322.576047 
322.578568 
322.581865 
322.587368 
322.593032 
322.600504 
322.610260 
322.623064 
322.640015 
322.662295 
322.691825 
322.731007 
322.783079 
322.852629 
322.945715 
323.070795 
323.239601 
323.468112 
323.778359 
324.199559 
324.766441 
325.501887 
326.317753 
326.407939 
322.619043 
322.619043 
322.619065 
322.619078 
322.619087 
322.619093 
322.619098 
322.619105 
322.619117 
322.619135 
322.619163 
322.619201 
322.619254 
322.619323 
322.619410 
322.619519 
322.619656 
322.619834 
322.620069 
322.620374 
322.620763 
322.621259 
322.621907 
322.622762 
322.623876 
322.625304 
322.627161 
322.629614 
322.632832 
322.638153 
322.643714 
322.651079 
322.660730 
322.673456 
322.690395 
322.712777 
322.742650 
322.782590 
322.836150 
322.908463 
323.006522 
323.140405 
323.324860 
323.581313 
323.942375 
324.458863 
325.212725 
326.341574 
328.074859 
330.597465 
322.670473 
322.670473 
322.670492 
322.670505 
322.670513 
322.670518 
322.670523 
322.670530 
322.670540 
322.670557 
322.670582 
322.670618 
322.670666 
322.670730 
322.670810 
322.670910 
322.671037 
322.671202 
322.671419 
322.671701 
322.672062 
322.672522 
322.673124 
322.673920 
322.674957 
322.676288 
322.678022 
322.680317 
322.683331 
322.688292 
322.693518 
322.700454 
322.709560 
322.721596 
322.737663 
322.758953 
322.787474 
322.825758 
322.877342 
322.947383 
323.043014 
323.174671 
323.358012 
323.616442 
323.987072 
324.531280 
325.357503 
326.678998 
328.990037 
333.868247 
353.150000 
