322.621403 
322.625508 
322.631039 
322.638414 
322.648098 
322.660998 
322.678276 
322.701120 
322.731433 
322.771933 
322.825539 
322.896902 
322.991787 
323.117775 
323.285372 
323.508034 
323.803960 
324.197395 
324.720230 
325.415114 
326.338697 
327.566106 
329.195407 
331.323267 
333.473508 
322.660387 
322.660387 
322.660400 
322.660407 
322.660409 
322.660409 
322.660406 
322.660404 
322.660404 
322.660407 
322.660414 
322.660427 
322.660447 
322.660477 
322.660517 
322.660569 
322.660640 
322.660745 
322.660899 
322.661117 
322.661413 
322.661818 
322.662404 
322.663256 
322.664457 
322.673173 
322.677067 
322.682313 
322.689307 
322.698492 
322.710727 
322.727115 
322.748781 
322.777531 
322.815943 
322.866785 
322.934469 
323.024461 
323.143954 
323.302910 
323.514092 
323.794761 
324.167912 
324.663790 
325.322848 
326.198827 
327.363201 
328.913045 
331.013196 
334.529409 
353.150000 
