322.335851 
322.352373 
322.370731 
322.390277 
322.409841 
322.427414 
322.440011 
322.443765 
322.434502 
322.409833 
322.373027 
322.336867 
322.316642 
322.301390 
322.303211 
322.303211 
322.303244 
322.303266 
322.303280 
322.303291 
322.303301 
322.303315 
322.303337 
322.303369 
322.303415 
322.303479 
322.303564 
322.303675 
322.303814 
322.303986 
322.304200 
322.304474 
322.304827 
322.305276 
322.305842 
322.306550 
322.307453 
322.308608 
322.310073 
322.311908 
322.314218 
322.317147 
322.320842 
322.325456 
322.331230 
322.338452 
322.347413 
322.358468 
322.372040 
322.388554 
322.391149 
322.409415 
322.430308 
322.453506 
322.478224 
322.502904 
322.524891 
322.540225 
322.543479 
322.528606 
322.491873 
322.439232 
322.396066 
322.387883 
322.355087 
322.355087 
322.355119 
322.355140 
322.355155 
322.355165 
322.355176 
322.355190 
322.355211 
322.355242 
322.355288 
322.355352 
322.355437 
322.355546 
322.355684 
322.355855 
322.356067 
322.356339 
322.356689 
322.357136 
322.357698 
322.358401 
322.359299 
322.360449 
322.361908 
322.363739 
322.366046 
322.368977 
322.372681 
322.377317 
322.383135 
322.390442 
322.399546 
322.410840 
322.424813 
322.441959 
322.449212 
322.470683 
322.496267 
322.526286 
322.560746 
322.599080 
322.639578 
322.678752 
322.709998 
322.722127 
322.699037 
322.626942 
322.526103 
322.490199 
322.406962 
322.406962 
322.406993 
322.407014 
322.407028 
322.407039 
322.407049 
322.407063 
322.407083 
322.407114 
322.407159 
322.407221 
322.407305 
322.407412 
322.407548 
322.407715 
322.407923 
322.408190 
322.408535 
322.408974 
322.409528 
322.410221 
322.411107 
322.412243 
322.413689 
322.415503 
322.417797 
322.420721 
322.424430 
322.429088 
322.434968 
322.442405 
322.451738 
322.463429 
322.478081 
322.496317 
322.508912 
322.534558 
322.566317 
322.605425 
322.653082 
322.710344 
322.777439 
322.852848 
322.931014 
322.998253 
323.026501 
322.969077 
322.788480 
322.609199 
322.458836 
322.458836 
322.458867 
322.458887 
322.458901 
322.458911 
322.458921 
322.458934 
322.458954 
322.458984 
322.459027 
322.459088 
322.459169 
322.459273 
322.459405 
322.459567 
322.459769 
322.460029 
322.460364 
322.460792 
322.461331 
322.462008 
322.462874 
322.463987 
322.465406 
322.467192 
322.469455 
322.472355 
322.476050 
322.480711 
322.486637 
322.494197 
322.503769 
322.515900 
322.531333 
322.550855 
322.568735 
322.598853 
322.637320 
322.686466 
322.749010 
322.828218 
322.927427 
323.049256 
323.193322 
323.350849 
323.492934 
323.546223 
323.362976 
322.861588 
322.510711 
322.510711 
322.510740 
322.510760 
322.510773 
322.510782 
322.510792 
322.510804 
322.510823 
322.510852 
322.510894 
322.510951 
322.511029 
322.511129 
322.511255 
322.511411 
322.511605 
322.511854 
322.512176 
322.512588 
322.513108 
322.513760 
322.514597 
322.515675 
322.517053 
322.518791 
322.521001 
322.523847 
322.527490 
322.532109 
322.538023 
322.545637 
322.555362 
322.567829 
322.583922 
322.604584 
322.626992 
322.661098 
322.705680 
322.764187 
322.840984 
322.941878 
323.074201 
323.246690 
323.468644 
323.746187 
324.071018 
324.385316 
324.475234 
323.737514 
322.562585 
322.562585 
322.562613 
322.562631 
322.562643 
322.562652 
322.562661 
322.562673 
322.562691 
322.562718 
322.562757 
322.562812 
322.562885 
322.562980 
322.563099 
322.563246 
322.563430 
322.563666 
322.563971 
322.564363 
322.564856 
322.565476 
322.566273 
322.567303 
322.568622 
322.570288 
322.572415 
322.575165 
322.578702 
322.583205 
322.589010 
322.596542 
322.606236 
322.618785 
322.635181 
322.656490 
322.682055 
322.718893 
322.767846 
322.833310 
322.921125 
323.039480 
323.199779 
323.417579 
323.714342 
324.118517 
324.663828 
325.371869 
326.152796 
326.198478 
322.614458 
322.614458 
322.614485 
322.614502 
322.614513 
322.614522 
322.614530 
322.614541 
322.614557 
322.614582 
322.614619 
322.614670 
322.614738 
322.614826 
322.614937 
322.615074 
322.615245 
322.615465 
322.615750 
322.616115 
322.616575 
322.617155 
322.617902 
322.618868 
322.620107 
322.621675 
322.623682 
322.626286 
322.629646 
322.633939 
322.639501 
322.646760 
322.656155 
322.668406 
322.684550 
322.705715 
322.732615 
322.770275 
322.820865 
322.889351 
322.982528 
323.110220 
323.286847 
323.533399 
323.881897 
324.382359 
325.115651 
326.217897 
327.916417 
330.393182 
322.666332 
322.666332 
322.666356 
322.666372 
322.666382 
322.666390 
322.666397 
322.666407 
322.666422 
322.666445 
322.666478 
322.666525 
322.666587 
322.666667 
322.666769 
322.666894 
322.667050 
322.667251 
322.667512 
322.667846 
322.668267 
322.668798 
322.669482 
322.670368 
322.671506 
322.672948 
322.674795 
322.677197 
322.680302 
322.684277 
322.689441 
322.696203 
322.704981 
322.716472 
322.731686 
322.751722 
322.777884 
322.814050 
322.862900 
322.929445 
323.020636 
323.146674 
323.322902 
323.572307 
323.931427 
324.460864 
325.267980 
326.564494 
328.842389 
333.675551 
353.150000 
